30
41  -49  -27  41  14  33  41  -28  24  -24  44  46  -34  32  -46  10  -2  10  26  37  0  -43  42  -44  30  -38  41  14  -19  37  
-48 0 -30 0 0 0 30 -6 -44 0 -15 37 9 0 12 35 0 0 14 0 0 11 -28 0 0 0 1 0 25 -3 
0 -8 0 0 35 -40 0 0 0 0 0 0 5 37 0 22 0 -27 22 0 -16 0 47 41 -13 0 0 27 0 0 
-30 0 -24 1 1 -15 20 0 0 -24 0 0 0 24 -30 -48 0 0 -33 12 0 43 -34 34 48 0 0 0 5 -2 
0 0 1 29 -7 -30 0 0 0 34 -19 0 -32 0 -6 0 0 44 0 -34 0 0 0 0 0 0 -40 0 0 0 
0 35 1 -7 -38 0 0 0 0 0 24 42 -23 0 0 16 -15 0 0 0 0 0 -24 0 0 0 -21 -50 0 -14 
0 -40 -15 -30 0 1 0 -13 0 -49 0 0 13 -27 0 -30 37 36 0 0 -25 0 0 46 -7 42 -26 0 -39 41 
30 0 20 0 0 0 7 0 -21 0 -8 -24 -32 0 -34 43 0 -32 0 0 0 -1 10 0 44 20 0 -26 -36 0 
-6 0 0 0 0 -13 0 -48 0 8 0 0 -22 -47 21 0 7 0 -42 -1 0 0 0 24 36 -45 -50 0 0 0 
-44 0 0 0 0 0 -21 0 -46 16 0 4 -22 9 0 0 0 -24 0 -10 -50 -26 -25 0 0 0 20 0 12 0 
0 0 -24 34 0 -49 0 8 16 0 39 0 5 -44 0 0 0 0 1 -49 -25 0 38 47 0 5 0 0 28 -2 
-15 0 0 -19 24 0 -8 0 0 39 0 0 0 -11 0 0 23 0 0 0 -16 0 -41 0 43 -30 0 0 -18 0 
37 0 0 0 42 0 -24 0 4 0 0 0 0 0 0 0 0 29 0 -13 -44 -20 -28 0 0 35 0 -4 -39 0 
9 5 0 -32 -23 13 -32 -22 -22 5 0 0 -27 38 -2 -50 -40 0 49 -31 0 0 0 45 -44 0 -15 47 0 0 
0 37 24 0 0 -27 0 -47 9 -44 -11 0 38 12 0 6 -28 34 0 0 44 29 0 0 9 0 -37 0 0 -16 
12 0 -30 -6 0 0 -34 21 0 0 0 0 -2 0 0 0 0 -38 0 23 -4 13 -20 0 0 28 -40 0 0 49 
35 22 -48 0 16 -30 43 0 0 0 0 0 -50 6 0 0 0 0 0 -25 -21 0 0 0 42 25 34 8 -21 0 
0 0 0 0 -15 37 0 7 0 0 23 0 -40 -28 0 0 0 -33 0 0 -29 41 0 0 0 35 -3 0 -27 0 
0 -27 0 44 0 36 -32 0 -24 0 0 29 0 34 -38 0 -33 -30 0 0 -39 0 0 0 0 32 0 9 0 -26 
14 22 -33 0 0 0 0 -42 0 1 0 0 49 0 0 0 0 0 0 47 0 -31 0 5 0 35 0 -19 0 -21 
0 0 12 -34 0 0 0 -1 -10 -49 0 -13 -31 0 23 -25 0 0 47 0 0 -19 0 0 49 -36 -32 14 -5 0 
0 -16 0 0 0 -25 0 0 -50 -25 -16 -44 0 44 -4 -21 -29 -39 0 0 38 0 -35 18 0 21 0 -8 9 0 
11 0 43 0 0 0 -1 0 -26 0 0 -20 0 29 13 0 41 0 -31 -19 0 0 0 0 27 -27 -22 -45 0 0 
-28 47 -34 0 -24 0 10 0 -25 38 -41 -28 0 0 -20 0 0 0 0 0 -35 0 -18 5 0 20 -6 0 -6 -33 
0 41 34 0 0 46 0 24 0 47 0 0 45 0 0 0 0 0 5 0 18 0 5 -16 8 0 -14 0 0 0 
0 -13 48 0 0 -7 44 36 0 0 43 0 -44 9 0 42 0 0 0 49 0 27 0 8 0 32 13 40 5 -32 
0 0 0 0 0 42 20 -45 0 5 -30 35 0 0 28 25 35 32 35 -36 21 -27 20 0 32 -26 18 0 30 0 
1 0 0 -40 -21 -26 0 -50 20 0 0 0 -15 -37 -40 34 -3 0 0 -32 0 -22 -6 -14 13 18 -18 0 -3 -41 
0 27 0 0 -50 0 -26 0 0 0 0 -4 47 0 0 8 0 9 -19 14 -8 -45 0 0 40 0 0 -39 -40 -30 
25 0 5 0 0 -39 -36 0 12 28 -18 -39 0 0 0 -21 -27 0 0 -5 9 0 -6 0 5 30 -3 -40 0 -34 
-3 0 -2 0 -14 41 0 0 0 -2 0 0 0 -16 49 0 0 -26 -21 0 0 0 -33 0 -32 0 -41 -30 -34 -1 
