80
-3  -50  5  -34  -37  40  10  -14  -16  -22  8  -36  35  -20  47  -36  14  -30  10  -11  44  2  -47  50  17  -19  18  48  -21  -30  -7  23  33  -13  -34  -4  -34  -24  28  -22  -2  -12  14  -47  -4  -17  37  -25  -10  -49  -15  -14  8  15  18  -10  16  3  -42  -22  19  -19  17  -3  46  -39  31  -20  7  -21  31  -39  -13  22  40  -35  -15  -4  23  -27  
0 0 0 -30 0 0 0 0 0 0 0 0 0 0 0 0 0 -45 0 0 0 0 -37 0 0 0 0 0 3 0 0 0 0 0 2 0 0 0 0 0 0 0 0 0 0 0 0 -17 0 0 0 0 0 0 0 0 0 -23 -28 0 0 0 -43 0 -13 -12 0 0 39 41 -40 0 0 0 0 0 0 0 27 0 
0 0 0 -6 0 0 -11 15 0 0 -26 46 0 0 -45 0 -29 0 -23 0 0 0 -29 0 0 0 0 0 0 0 0 0 0 0 0 21 0 0 -32 15 0 0 0 0 0 0 0 0 48 0 0 49 0 0 0 0 0 0 8 0 0 0 -45 0 0 0 0 38 0 0 18 0 19 18 -22 -49 0 0 0 0 
0 0 0 -4 0 0 0 0 0 0 0 0 0 0 46 -19 0 0 0 20 0 0 2 5 0 0 0 0 0 0 0 0 -9 -46 0 0 0 0 0 0 0 -30 0 0 50 0 0 0 0 0 0 0 -12 0 0 0 0 0 0 0 0 0 0 0 0 -46 39 0 -32 0 0 0 0 7 0 0 0 0 0 0 
-30 -6 -4 0 6 0 0 0 0 0 19 0 0 -33 0 0 0 0 -28 0 1 0 0 0 0 0 0 0 0 0 -24 -18 0 0 0 0 0 0 0 0 0 40 0 0 0 0 0 0 0 44 0 -29 0 0 0 -14 0 0 0 0 0 43 36 45 0 0 0 -48 27 0 -25 0 0 0 0 0 5 -22 0 0 
0 0 0 6 0 5 0 -9 0 0 0 0 0 40 0 0 0 48 -2 0 0 26 0 0 0 0 0 0 0 0 15 0 0 0 0 -17 0 0 0 0 0 0 0 9 0 0 0 0 2 0 43 0 0 -6 0 17 0 0 23 0 -43 0 0 -48 -9 0 0 -47 0 0 0 0 0 0 15 15 0 0 0 0 
0 0 0 0 5 0 0 0 0 0 0 0 -31 0 -24 38 0 0 -47 -8 0 3 0 0 0 0 0 35 0 0 -32 0 15 0 0 -49 0 -28 0 0 0 16 -36 0 0 49 0 0 0 0 0 0 0 0 33 0 0 44 -46 -27 0 48 -13 0 0 0 -41 0 15 0 0 0 0 24 0 4 0 0 0 0 
0 -11 0 0 0 0 0 0 -30 0 0 0 0 -9 0 0 0 0 0 -26 -25 -43 0 -46 41 0 0 0 0 0 -9 0 0 33 0 0 22 0 45 0 -25 0 -29 0 0 0 0 0 0 -33 0 10 0 1 24 0 0 -5 0 -4 0 0 0 0 0 37 0 0 0 0 36 0 0 -15 0 0 43 0 6 50 
0 15 0 0 -9 0 0 0 0 0 0 0 0 -29 0 0 0 -2 18 0 0 0 0 -31 39 0 0 0 38 0 0 0 14 -33 0 0 0 -32 0 40 -17 0 0 46 0 13 49 -36 39 0 10 -43 0 0 0 0 0 0 -36 0 0 0 0 -26 31 0 0 0 0 0 0 0 -37 0 0 0 0 -21 0 0 
0 0 0 0 0 0 -30 0 -2 0 -43 0 0 0 0 0 34 39 0 -21 0 0 0 0 0 0 20 0 18 0 0 0 0 1 0 0 0 0 0 0 15 0 0 -47 -25 0 0 0 35 0 0 0 0 0 0 0 0 0 0 -49 0 0 0 0 0 0 0 0 -29 0 0 0 0 0 0 0 0 0 0 0 
0 0 0 0 0 0 0 0 0 0 -35 0 0 0 37 -26 0 0 0 0 22 0 0 0 0 0 0 0 0 46 0 18 0 0 0 0 0 0 0 12 0 0 0 0 -21 0 0 0 0 0 -48 0 0 29 0 0 0 0 0 0 36 0 -28 -9 0 33 0 0 13 0 0 0 43 0 0 0 -8 0 0 0 
0 -26 0 19 0 0 0 0 -43 -35 -37 0 0 0 0 0 0 -43 0 0 0 0 0 0 0 0 0 0 3 48 -16 0 30 0 21 0 0 0 0 0 0 0 0 -18 0 0 22 44 0 0 0 36 0 -36 0 0 0 0 0 0 20 0 0 0 0 -19 0 0 0 0 0 0 0 0 0 0 0 0 43 0 
0 46 0 0 0 0 0 0 0 0 0 0 -1 0 0 0 47 0 0 0 0 0 0 0 0 0 0 1 0 49 24 0 0 0 0 0 0 0 16 42 0 0 26 0 0 -35 0 0 0 0 0 0 0 -22 0 0 -49 0 0 0 0 0 0 0 0 0 0 0 12 0 31 0 0 0 -49 0 0 0 0 -40 
0 0 0 0 0 -31 0 0 0 0 0 -1 0 0 20 0 0 -32 -6 0 0 13 0 -11 0 0 31 0 -26 0 12 -36 0 0 0 0 0 -6 0 0 0 0 0 0 0 5 -33 0 0 0 0 0 13 -29 0 14 0 38 8 -49 -19 -29 0 0 0 0 6 0 0 0 0 0 0 0 0 0 0 47 0 0 
0 0 0 -33 40 0 -9 -29 0 0 0 0 0 0 0 0 0 0 0 0 0 0 0 0 0 0 0 0 -34 0 0 0 0 0 24 0 0 0 0 0 0 0 0 0 0 0 41 0 0 -22 0 0 -28 20 -10 0 0 0 0 0 0 0 -22 5 0 0 0 0 0 0 0 0 0 -10 0 0 0 0 0 -36 
0 -45 46 0 0 -24 0 0 0 37 0 0 20 0 0 0 0 0 0 0 0 0 4 0 0 0 0 0 -21 -6 0 0 25 0 0 47 0 0 0 0 0 -27 0 0 0 0 0 -25 0 0 0 0 0 0 0 0 0 0 -26 -15 0 0 0 0 0 0 0 0 -14 0 0 0 0 0 0 0 0 -20 0 0 
0 0 -19 0 0 38 0 0 0 -26 0 0 0 0 0 0 0 0 -28 0 0 0 0 0 0 -21 0 0 0 20 -25 28 0 0 0 29 0 0 0 41 0 0 0 49 0 0 0 0 21 38 15 0 0 0 0 0 0 0 0 0 0 -4 0 0 0 0 0 0 0 0 0 0 0 0 0 0 -4 0 0 0 
0 -29 0 0 0 0 0 0 34 0 0 47 0 0 0 0 0 0 0 33 0 0 -20 42 0 17 0 -27 0 0 -23 0 0 0 43 0 0 0 0 0 0 0 0 0 0 29 0 0 0 -2 0 -20 0 -27 0 0 0 0 -32 20 0 0 0 0 0 -47 18 0 12 29 0 0 21 0 0 0 0 0 0 -31 
-45 0 0 0 48 0 0 -2 39 0 -43 0 -32 0 0 0 0 0 0 37 0 0 0 0 -14 0 0 -49 0 0 0 0 0 -14 0 0 0 0 0 0 0 0 0 0 0 0 0 0 0 0 0 35 38 49 0 0 0 0 23 0 0 0 0 0 0 0 0 0 -46 0 -48 0 0 0 0 0 0 0 -33 38 
0 -23 0 -28 -2 -47 0 18 0 0 0 0 -6 0 0 -28 0 0 0 0 0 0 25 0 0 -48 29 0 0 0 0 0 0 0 0 0 -40 0 -34 0 0 0 0 37 0 0 0 0 40 0 0 0 0 0 0 0 0 0 0 5 -32 0 0 0 0 0 0 0 7 0 0 0 0 0 0 -12 0 0 0 0 
0 0 20 0 0 -8 -26 0 -21 0 0 0 0 0 0 0 33 37 0 0 0 0 0 -17 0 0 0 0 0 0 0 -40 42 0 0 0 0 0 0 0 0 3 0 0 0 0 0 -33 0 0 -47 41 -14 7 0 0 0 0 0 -31 0 0 -42 -46 0 0 0 -40 0 0 -1 0 0 -38 25 -9 0 0 0 0 
0 0 0 1 0 0 -25 0 0 22 0 0 0 0 0 0 0 0 0 0 0 0 0 0 0 0 33 0 5 6 0 0 0 -43 0 0 0 28 0 -24 0 0 0 0 0 0 -36 0 37 0 -7 -46 0 0 0 0 0 0 -26 5 0 0 17 0 0 0 0 -30 42 0 0 0 -19 0 0 0 -36 0 36 0 
0 0 0 0 26 3 -43 0 0 0 0 0 13 0 0 0 0 0 0 0 0 -7 0 0 -1 0 0 0 -1 0 0 -8 0 0 6 -12 0 0 16 0 0 0 0 0 44 0 0 0 -11 0 -14 0 -42 0 0 0 0 0 0 -7 0 0 -13 0 0 0 0 -40 -21 -28 -27 18 0 0 0 0 0 0 -22 0 
-37 -29 2 0 0 0 0 0 0 0 0 0 0 0 4 0 -20 0 25 0 0 0 0 16 0 -33 -33 0 0 0 0 0 22 0 0 0 0 0 0 0 0 0 0 0 0 -10 0 24 0 0 0 0 0 0 0 22 -19 6 -16 0 0 0 0 0 -30 0 0 0 0 0 10 0 0 0 0 0 0 0 0 0 
0 0 5 0 0 0 -46 -31 0 0 0 0 -11 0 0 0 42 0 0 -17 0 0 16 10 0 0 0 0 0 0 0 0 0 0 0 47 31 43 0 0 0 0 0 0 0 0 0 -36 0 0 0 0 0 0 0 0 -29 -17 0 0 -20 0 0 0 0 0 8 0 0 -23 0 0 0 0 0 0 0 0 9 0 
0 0 0 0 0 0 41 39 0 0 0 0 0 0 0 0 0 -14 0 0 0 -1 0 0 0 0 29 0 0 0 0 0 0 29 1 0 0 0 0 0 -19 0 0 0 0 0 0 0 -27 0 0 0 0 0 0 0 0 0 0 0 0 0 0 0 0 -32 1 0 0 0 0 0 0 0 33 0 0 0 0 0 
0 0 0 0 0 0 0 0 0 0 0 0 0 0 0 -21 17 0 -48 0 0 0 -33 0 0 0 0 0 0 35 23 0 0 0 0 0 0 0 0 0 0 0 0 0 0 -44 0 0 0 0 0 0 -2 0 0 -44 0 0 -35 0 0 0 0 0 47 45 0 0 0 0 0 0 0 -47 0 0 9 0 -42 -13 
0 0 0 0 0 0 0 0 20 0 0 0 31 0 0 0 0 0 29 0 33 0 -33 0 29 0 -7 0 0 0 0 14 0 -34 0 0 0 0 0 0 0 0 0 -9 35 -47 -11 -11 40 0 -19 0 0 -4 0 0 0 0 0 0 0 43 0 0 48 0 0 -40 33 0 0 0 0 0 0 0 0 0 -15 0 
0 0 0 0 0 35 0 0 0 0 0 1 0 0 0 0 -27 -49 0 0 0 0 0 0 0 0 0 34 0 33 0 0 0 0 0 0 47 0 0 -38 0 0 3 0 0 0 0 -38 0 0 0 0 0 0 0 0 0 0 6 0 0 49 30 -5 10 0 0 0 36 0 0 0 0 -23 0 0 0 0 0 0 
3 0 0 0 0 0 0 38 18 0 3 0 -26 -34 -21 0 0 0 0 0 5 -1 0 0 0 0 0 0 0 30 0 0 0 0 0 0 0 8 0 8 0 -40 0 0 -6 0 26 0 -32 0 0 39 0 35 39 0 0 0 0 42 0 0 0 0 0 0 -43 0 11 25 0 0 -30 0 -9 0 0 0 0 -20 
0 0 0 0 0 0 0 0 0 46 48 49 0 0 -6 20 0 0 0 0 6 0 0 0 0 35 0 33 30 0 0 0 0 0 0 0 -45 0 0 0 0 0 0 0 28 0 0 25 42 0 0 -14 0 0 0 0 0 0 0 42 0 0 4 -16 -10 0 32 25 0 -14 0 0 0 0 0 0 9 0 -32 0 
0 0 0 -24 15 -32 -9 0 0 0 -16 24 12 0 0 -25 -23 0 0 0 0 0 0 0 0 23 0 0 0 0 0 0 0 0 0 0 0 0 0 -38 0 0 12 -2 0 0 0 0 0 42 0 0 0 28 0 0 23 46 0 0 0 0 -20 0 36 0 0 0 49 0 0 0 0 21 34 0 -41 0 0 0 
0 0 0 -18 0 0 0 0 0 18 0 0 -36 0 0 28 0 0 0 -40 0 -8 0 0 0 0 14 0 0 0 0 0 0 0 36 0 0 0 0 0 0 0 0 0 41 0 0 38 0 31 0 0 18 0 0 0 0 0 0 -13 0 0 0 0 0 0 3 -41 0 0 0 30 0 0 0 44 0 -16 0 0 
0 0 -9 0 0 15 0 14 0 0 30 0 0 0 25 0 0 0 0 42 0 0 22 0 0 0 0 0 0 0 0 0 19 14 0 0 0 0 0 0 0 20 20 0 0 0 0 0 0 0 0 0 0 0 -15 0 0 0 -41 0 0 0 0 0 0 0 0 0 0 0 0 0 0 0 0 0 0 0 0 0 
0 0 -46 0 0 0 33 -33 1 0 0 0 0 0 0 0 0 -14 0 0 -43 0 0 0 29 0 -34 0 0 0 0 0 14 0 32 0 0 0 0 0 49 0 0 12 0 27 -31 -12 12 0 0 16 0 0 -45 0 0 0 0 0 0 0 0 0 0 4 0 -39 27 0 0 0 0 0 0 0 29 0 0 39 
2 0 0 0 0 0 0 0 0 0 21 0 0 24 0 0 43 0 0 0 0 6 0 0 1 0 0 0 0 0 0 36 0 32 0 0 0 0 25 0 -14 0 0 0 0 0 0 0 0 -33 17 0 0 0 0 0 0 0 0 0 0 0 -34 0 0 4 0 0 0 0 0 42 6 0 0 0 0 0 0 44 
0 21 0 0 -17 -49 0 0 0 0 0 0 0 0 47 29 0 0 0 0 0 -12 0 47 0 0 0 0 0 0 0 0 0 0 0 0 0 40 0 0 0 0 0 0 16 0 0 0 44 -50 0 0 0 -46 0 0 0 0 0 5 0 0 -50 0 0 0 -35 0 28 0 0 0 0 24 23 0 -13 43 0 0 
0 0 0 0 0 0 22 0 0 0 0 0 0 0 0 0 0 0 -40 0 0 0 0 31 0 0 0 47 0 -45 0 0 0 0 0 0 0 0 0 0 0 10 13 -14 0 0 0 0 0 0 0 0 0 0 0 0 -2 0 0 -8 0 0 0 0 0 0 0 -33 0 -40 0 10 0 0 0 0 -29 0 0 0 
0 0 0 0 0 -28 0 -32 0 0 0 0 -6 0 0 0 0 0 0 0 28 0 0 43 0 0 0 0 8 0 0 0 0 0 0 40 0 0 -24 0 0 -15 0 0 -20 0 14 0 0 -22 39 0 0 0 0 0 -9 0 17 0 0 12 0 0 0 0 0 0 0 0 0 0 0 0 0 0 0 0 0 0 
0 -32 0 0 0 0 45 0 0 0 0 16 0 0 0 0 0 0 -34 0 0 16 0 0 0 0 0 0 0 0 0 0 0 0 25 0 0 -24 0 0 0 0 0 0 0 0 0 0 0 0 33 0 -8 0 37 -26 0 0 11 0 0 38 -41 0 0 0 0 -36 0 0 0 0 0 0 -44 0 0 0 2 0 
0 15 0 0 0 0 0 40 0 12 0 42 0 0 0 41 0 0 0 0 -24 0 0 0 0 0 0 -38 8 0 -38 0 0 0 0 0 0 0 0 0 0 0 0 20 38 0 0 0 43 0 0 0 0 0 0 0 0 -33 0 21 -49 0 0 -18 0 0 0 0 0 0 0 0 0 33 0 0 33 0 26 0 
0 0 0 0 0 0 -25 -17 15 0 0 0 0 0 0 0 0 0 0 0 0 0 0 0 -19 0 0 0 0 0 0 0 0 49 -14 0 0 0 0 0 0 0 0 0 0 0 4 0 0 0 0 34 0 0 0 0 0 0 0 34 0 0 0 0 49 -41 -49 0 0 0 0 0 0 34 0 0 0 0 45 -19 
0 0 -30 40 0 16 0 0 0 0 0 0 0 0 -27 0 0 0 0 3 0 0 0 0 0 0 0 0 -40 0 0 0 20 0 0 0 10 -15 0 0 0 0 0 0 0 6 45 0 0 -46 -46 -17 0 0 0 41 0 0 0 0 35 0 50 0 -8 -36 21 0 0 0 48 11 0 17 0 0 0 37 0 0 
0 0 0 0 0 -36 -29 0 0 0 0 26 0 0 0 0 0 0 0 0 0 0 0 0 0 0 0 3 0 0 12 0 20 0 0 0 13 0 0 0 0 0 -2 0 0 0 0 0 -14 0 0 0 0 0 0 0 0 0 0 11 0 -32 0 0 0 0 -20 0 0 0 0 0 0 0 0 -14 0 -20 43 0 
0 0 0 0 9 0 0 46 -47 0 -18 0 0 0 0 49 0 0 37 0 0 0 0 0 0 0 -9 0 0 0 -2 0 0 12 0 0 -14 0 0 20 0 0 0 -11 0 0 0 0 28 0 0 0 0 0 0 0 -43 0 0 35 0 0 0 -7 -17 21 0 0 0 -15 0 0 0 0 20 0 31 0 0 0 
0 0 50 0 0 0 0 0 -25 -21 0 0 0 0 0 0 0 0 0 0 0 44 0 0 0 0 35 0 -6 28 0 41 0 0 0 16 0 -20 0 38 0 0 0 0 0 0 0 13 0 0 0 0 0 37 -31 0 0 -31 0 0 0 -20 -44 0 -38 0 0 23 0 0 0 33 -13 0 0 0 0 0 0 0 
0 0 0 0 0 49 0 13 0 0 0 -35 5 0 0 0 29 0 0 0 0 0 -10 0 0 -44 -47 0 0 0 0 0 0 27 0 0 0 0 0 0 0 6 0 0 0 0 0 0 -44 0 0 0 0 0 0 -5 -37 0 0 0 0 4 0 -24 0 0 0 0 0 0 0 0 0 0 0 0 0 0 0 0 
0 0 0 0 0 0 0 49 0 0 22 0 -33 41 0 0 0 0 0 0 -36 0 0 0 0 0 -11 0 26 0 0 0 0 -31 0 0 0 14 0 0 4 45 0 0 0 0 0 0 0 0 0 0 0 25 0 -23 0 0 0 0 31 0 -8 0 0 0 0 -40 0 -17 0 0 13 0 -34 0 -15 0 0 0 
-17 0 0 0 0 0 0 -36 0 0 44 0 0 0 -25 0 0 0 0 -33 0 0 24 -36 0 0 -11 -38 0 25 0 38 0 -12 0 0 0 0 0 0 0 0 0 0 13 0 0 0 0 0 0 -1 -8 0 0 0 0 0 0 0 4 -43 0 0 43 -34 0 0 47 43 0 29 49 0 26 0 0 0 0 0 
0 48 0 0 2 0 0 39 35 0 0 0 0 0 0 21 0 0 40 0 37 -11 0 0 -27 0 40 0 -32 42 0 0 0 12 0 44 0 0 0 43 0 0 -14 28 0 -44 0 0 0 0 -38 0 0 0 0 0 0 0 -19 0 0 0 0 -27 0 0 0 0 0 0 0 0 0 0 0 0 0 43 0 0 
0 0 0 44 0 0 -33 0 0 0 0 0 0 -22 0 38 -2 0 0 0 0 0 0 0 0 0 0 0 0 0 42 31 0 0 -33 -50 0 -22 0 0 0 -46 0 0 0 0 0 0 0 0 40 0 0 0 0 0 0 -35 0 0 0 0 0 -1 0 19 0 39 0 0 0 0 0 0 0 31 -4 0 0 0 
0 0 0 0 43 0 0 10 0 -48 0 0 0 0 0 15 0 0 0 -47 -7 -14 0 0 0 0 -19 0 0 0 0 0 0 0 17 0 0 39 33 0 0 -46 0 0 0 0 0 0 -38 40 0 0 0 0 0 -50 25 0 0 0 0 0 0 -29 0 0 0 0 0 0 0 0 26 0 0 0 0 0 -34 0 
0 49 0 -29 0 0 10 -43 0 0 36 0 0 0 0 0 -20 35 0 41 -46 0 0 0 0 0 0 0 39 -14 0 0 0 16 0 0 0 0 0 0 34 -17 0 0 0 0 0 -1 0 0 0 0 -32 0 0 -40 0 0 0 0 -18 -45 0 0 0 0 0 0 38 0 0 -42 0 -38 0 0 -48 0 0 0 
0 0 -12 0 0 0 0 0 0 0 0 0 13 -28 0 0 0 38 0 -14 0 -42 0 0 0 -2 0 0 0 0 0 18 0 0 0 0 0 0 -8 0 0 0 0 0 0 0 0 -8 0 0 0 -32 41 0 0 0 7 0 24 0 0 0 0 0 0 0 0 0 0 0 0 2 0 0 -26 0 0 0 -39 -2 
0 0 0 0 -6 0 1 0 0 29 -36 -22 -29 20 0 0 -27 49 0 7 0 0 0 0 0 0 -4 0 35 0 28 0 0 0 0 -46 0 0 0 0 0 0 0 0 37 0 25 0 0 0 0 0 0 0 0 0 0 29 2 24 0 0 0 0 0 0 -39 35 0 0 11 0 0 0 0 -25 0 0 0 0 
0 0 0 0 0 33 24 0 0 0 0 0 0 -10 0 0 0 0 0 0 0 0 0 0 0 0 0 0 39 0 0 0 -15 -45 0 0 0 0 37 0 0 0 0 0 -31 0 0 0 0 0 0 0 0 0 0 0 -29 -24 0 0 0 0 0 0 0 0 -39 0 -31 0 0 0 15 0 36 -41 15 0 0 0 
0 0 0 -14 17 0 0 0 0 0 0 0 14 0 0 0 0 0 0 0 0 0 22 0 0 -44 0 0 0 0 0 0 0 0 0 0 0 0 -26 0 0 41 0 0 0 -5 -23 0 0 0 -50 -40 0 0 0 0 0 -47 15 -25 0 0 0 -49 0 0 0 0 40 0 0 0 0 0 0 23 0 27 0 0 
0 0 0 0 0 0 0 0 0 0 0 -49 0 0 0 0 0 0 0 0 0 0 -19 -29 0 0 0 0 0 0 23 0 0 0 0 0 -2 -9 0 0 0 0 0 -43 0 -37 0 0 0 0 25 0 7 0 -29 0 0 9 0 0 35 -2 48 0 0 12 -43 0 0 0 0 29 0 16 0 0 0 0 14 0 
-23 0 0 0 0 44 -5 0 0 0 0 0 38 0 0 0 0 0 0 0 0 0 6 -17 0 0 0 0 0 0 46 0 0 0 0 0 0 0 0 -33 0 0 0 0 -31 0 0 0 0 -35 0 0 0 29 -24 -47 9 0 9 0 21 0 0 0 -18 0 0 0 0 0 0 0 0 0 0 0 0 0 0 0 
-28 8 0 0 23 -46 0 -36 0 0 0 0 8 0 -26 0 -32 23 0 0 -26 0 -16 0 0 -35 0 6 0 0 0 0 -41 0 0 0 0 17 11 0 0 0 0 0 0 0 0 0 -19 0 0 0 24 2 0 15 0 9 0 0 0 0 0 0 0 0 0 0 0 0 -37 26 0 0 -19 0 0 0 0 0 
0 0 0 0 0 -27 -4 0 -49 0 0 0 -49 0 -15 0 20 0 5 -31 5 -7 0 0 0 0 0 0 42 42 0 -13 0 0 0 5 -8 0 0 21 34 0 11 35 0 0 0 0 0 0 0 0 0 24 0 -25 0 0 0 4 0 0 0 35 0 38 0 19 35 0 0 0 0 0 0 0 0 0 45 0 
0 0 0 0 -43 0 0 0 0 36 20 0 -19 0 0 0 0 0 -32 0 0 0 0 -20 0 0 0 0 0 0 0 0 0 0 0 0 0 0 0 -49 0 35 0 0 0 0 31 4 0 0 0 -18 0 0 0 0 35 21 0 0 7 0 0 5 0 0 0 24 0 0 8 0 0 0 0 0 16 0 7 0 
0 0 0 43 0 48 0 0 0 0 0 0 -29 0 0 -4 0 0 0 0 0 0 0 0 0 0 43 49 0 0 0 0 0 0 0 0 0 12 38 0 0 0 -32 0 -20 4 0 -43 0 0 0 -45 0 0 0 0 -2 0 0 0 0 0 0 0 0 0 0 0 0 0 0 0 -9 0 0 0 0 0 0 0 
-43 -45 0 36 0 -13 0 0 0 -28 0 0 0 -22 0 0 0 0 0 -42 17 -13 0 0 0 0 0 30 0 4 -20 0 0 0 -34 -50 0 0 -41 0 0 50 0 0 -44 0 -8 0 0 0 0 0 0 0 0 0 48 0 0 0 0 0 0 0 0 0 0 0 -17 0 26 0 39 0 27 0 0 0 0 0 
0 0 0 45 -48 0 0 -26 0 -9 0 0 0 5 0 0 0 0 0 -46 0 0 0 0 0 0 0 -5 0 -16 0 0 0 0 0 0 0 0 0 -18 0 0 0 -7 0 -24 0 0 -27 -1 -29 0 0 0 0 -49 0 0 0 35 5 0 0 31 0 0 0 0 0 -50 -32 0 32 0 0 -49 0 0 -4 0 
-13 0 0 0 -9 0 0 31 0 0 0 0 0 0 0 0 0 0 0 0 0 0 -30 0 0 47 48 10 0 -10 36 0 0 0 0 0 0 0 0 0 49 -8 0 -17 -38 0 0 43 0 0 0 0 0 0 0 0 0 -18 0 0 0 0 0 0 0 0 0 14 0 0 0 0 0 0 0 36 0 26 0 0 
-12 0 -46 0 0 0 37 0 0 33 -19 0 0 0 0 0 -47 0 0 0 0 0 0 0 -32 45 0 0 0 0 0 0 0 4 4 0 0 0 0 0 -41 -36 0 21 0 0 0 -34 0 19 0 0 0 0 0 0 12 0 0 38 0 0 0 0 0 0 -35 24 0 0 40 42 0 0 0 0 0 0 -40 42 
0 0 39 0 0 -41 0 0 0 0 0 0 6 0 0 0 18 0 0 0 0 0 0 8 1 0 0 0 -43 32 0 3 0 0 0 -35 0 0 0 0 -49 21 -20 0 0 0 0 0 0 0 0 0 0 -39 -39 0 -43 0 0 0 0 0 0 0 0 -35 0 0 0 35 0 0 -26 11 31 0 0 0 0 0 
0 38 0 -48 -47 0 0 0 0 0 0 0 0 0 0 0 0 0 0 -40 -30 -40 0 0 0 0 -40 0 0 25 0 -41 0 -39 0 0 -33 0 -36 0 0 0 0 0 23 0 -40 0 0 39 0 0 0 35 0 0 0 0 0 19 24 0 0 0 14 24 0 0 0 0 0 -31 0 -45 0 -16 0 24 -36 0 
39 0 -32 27 0 15 0 0 -29 13 0 12 0 0 -14 0 12 -46 7 0 42 -21 0 0 0 0 33 36 11 0 49 0 0 27 0 28 0 0 0 0 0 0 0 0 0 0 0 47 0 0 0 38 0 0 -31 40 0 0 0 35 0 0 -17 0 0 0 0 0 0 0 -33 0 0 -7 0 -3 0 0 16 0 
41 0 0 0 0 0 0 0 0 0 0 0 0 0 0 0 29 0 0 0 0 -28 0 -23 0 0 0 0 25 -14 0 0 0 0 0 0 -40 0 0 0 0 0 0 -15 0 0 -17 43 0 0 0 0 0 0 0 0 0 0 0 0 0 0 0 -50 0 0 35 0 0 41 3 50 0 15 0 0 0 0 0 0 
-40 18 0 -25 0 0 36 0 0 0 0 31 0 0 0 0 0 -48 0 -1 0 -27 10 0 0 0 0 0 0 0 0 0 0 0 0 0 0 0 0 0 0 48 0 0 0 0 0 0 0 0 0 0 0 11 0 0 0 0 -37 0 8 0 26 -32 0 40 0 0 -33 3 0 0 0 0 -19 11 0 -1 -14 0 
0 0 0 0 0 0 0 0 0 0 0 0 0 0 0 0 0 0 0 0 0 18 0 0 0 0 0 0 0 0 0 30 0 0 42 0 10 0 0 0 0 11 0 0 33 0 0 29 0 0 0 -42 2 0 0 0 29 0 26 0 0 0 0 0 0 42 0 -31 0 50 0 0 0 1 22 0 0 0 0 0 
0 19 0 0 0 0 0 -37 0 43 0 0 0 0 0 0 21 0 0 0 -19 0 0 0 0 0 0 0 -30 0 0 0 0 0 6 0 0 0 0 0 0 0 0 0 -13 0 13 49 0 0 26 0 0 0 15 0 0 0 0 0 0 -9 39 32 0 0 -26 0 0 0 0 0 37 14 0 0 29 0 0 -18 
0 18 7 0 0 24 -15 0 0 0 0 0 0 -10 0 0 0 0 0 -38 0 0 0 0 0 -47 0 -23 0 0 21 0 0 0 0 24 0 0 0 33 34 17 0 0 0 0 0 0 0 0 0 -38 0 0 0 0 16 0 0 0 0 0 0 0 0 0 11 -45 -7 15 0 1 14 0 -35 23 0 0 0 0 
0 -22 0 0 15 0 0 0 0 0 0 -49 0 0 0 0 0 0 0 25 0 0 0 0 33 0 0 0 -9 0 34 0 0 0 0 23 0 0 -44 0 0 0 0 20 0 0 -34 26 0 0 0 0 -26 0 36 0 0 0 -19 0 0 0 27 0 0 0 31 0 0 0 -19 22 0 -35 0 0 41 28 0 0 
0 -49 0 0 15 4 0 0 0 0 0 0 0 0 0 0 0 0 -12 -9 0 0 0 0 0 0 0 0 0 0 0 44 0 0 0 0 0 0 0 0 0 0 -14 0 0 0 0 0 0 31 0 0 0 -25 -41 23 0 0 0 0 0 0 0 -49 36 0 0 -16 -3 0 11 0 0 23 0 0 0 0 0 0 
0 0 0 5 0 0 43 0 0 -8 0 0 0 0 0 -4 0 0 0 0 -36 0 0 0 0 9 0 0 0 9 -41 0 0 29 0 -13 -29 0 0 33 0 0 0 31 0 0 -15 0 0 -4 0 -48 0 0 15 0 0 0 0 0 16 0 0 0 0 0 0 0 0 0 0 0 29 0 41 0 0 0 -39 0 
0 0 0 -22 0 0 0 -21 0 0 0 0 47 0 -20 0 0 0 0 0 0 0 0 0 0 0 0 0 0 0 0 -16 0 0 0 43 0 0 0 0 0 37 -20 0 0 0 0 0 43 0 0 0 0 0 0 27 0 0 0 0 0 0 0 0 26 0 0 24 0 0 -1 0 0 0 28 0 0 0 0 40 
27 0 0 0 0 0 6 0 0 0 43 0 0 0 0 0 0 -33 0 0 36 -22 0 9 0 -42 -15 0 0 -32 0 0 0 0 0 0 0 0 2 26 45 0 43 0 0 0 0 0 0 0 -34 0 -39 0 0 0 14 0 0 45 7 0 0 -4 0 -40 0 -36 16 0 -14 0 0 0 0 0 -39 0 0 28 
0 0 0 0 0 0 50 0 0 0 0 -40 0 -36 0 0 -31 38 0 0 0 0 0 0 0 -13 0 0 -20 0 0 0 0 39 44 0 0 0 0 0 -19 0 0 0 0 0 0 0 0 0 0 0 -2 0 0 0 0 0 0 0 0 0 0 0 0 42 0 0 0 0 0 0 -18 0 0 0 0 40 28 0 
