40
-32  26  -44  38  -32  36  40  -40  -39  48  49  -41  14  -13  -45  36  17  -44  -5  -9  49  50  -28  27  16  -7  8  -9  -47  26  30  44  2  -44  43  -25  -37  -36  9  -11  
-48 0 -30 0 0 0 30 -6 -44 0 -15 37 9 0 12 35 0 0 14 0 0 11 -28 0 0 0 1 0 25 -3 0 -38 -22 -16 15 -12 0 0 -22 -43 
0 -8 0 0 35 -40 0 0 0 0 0 0 5 37 0 22 0 -27 22 0 -16 0 47 41 -13 0 0 27 0 0 -27 0 0 15 0 13 -46 -33 -1 48 
-30 0 -24 1 1 -15 20 0 0 -24 0 0 0 24 -30 -48 0 0 -33 12 0 43 -34 34 48 0 0 0 5 -2 0 0 0 -11 0 0 0 27 0 -2 
0 0 1 29 -7 -30 0 0 0 34 -19 0 -32 0 -6 0 0 44 0 -34 0 0 0 0 0 0 -40 0 0 0 0 40 27 0 0 0 19 7 0 0 
0 35 1 -7 -38 0 0 0 0 0 24 42 -23 0 0 16 -15 0 0 0 0 0 -24 0 0 0 -21 -50 0 -14 0 45 0 6 0 -24 0 0 0 30 
0 -40 -15 -30 0 1 0 -13 0 -49 0 0 13 -27 0 -30 37 36 0 0 -25 0 0 46 -7 42 -26 0 -39 41 0 -43 -41 -12 -43 0 0 -16 0 -19 
30 0 20 0 0 0 7 0 -21 0 -8 -24 -32 0 -34 43 0 -32 0 0 0 -1 10 0 44 20 0 -26 -36 0 24 0 -40 0 40 0 8 44 -8 48 
-6 0 0 0 0 -13 0 -48 0 8 0 0 -22 -47 21 0 7 0 -42 -1 0 0 0 24 36 -45 -50 0 0 0 44 -32 0 0 0 45 10 46 0 0 
-44 0 0 0 0 0 -21 0 -46 16 0 4 -22 9 0 0 0 -24 0 -10 -50 -26 -25 0 0 0 20 0 12 0 0 0 0 42 48 0 47 4 7 43 
0 0 -24 34 0 -49 0 8 16 0 39 0 5 -44 0 0 0 0 1 -49 -25 0 38 47 0 5 0 0 28 -2 32 45 -45 -26 0 0 -43 -20 0 0 
-15 0 0 -19 24 0 -8 0 0 39 0 0 0 -11 0 0 23 0 0 0 -16 0 -41 0 43 -30 0 0 -18 0 10 -13 45 -16 -2 3 19 0 29 21 
37 0 0 0 42 0 -24 0 4 0 0 0 0 0 0 0 0 29 0 -13 -44 -20 -28 0 0 35 0 -4 -39 0 10 0 0 -22 -29 0 0 0 0 0 
9 5 0 -32 -23 13 -32 -22 -22 5 0 0 -27 38 -2 -50 -40 0 49 -31 0 0 0 45 -44 0 -15 47 0 0 0 0 -36 -3 0 -43 0 0 36 0 
0 37 24 0 0 -27 0 -47 9 -44 -11 0 38 12 0 6 -28 34 0 0 44 29 0 0 9 0 -37 0 0 -16 0 0 -7 -44 0 -1 34 -30 43 38 
12 0 -30 -6 0 0 -34 21 0 0 0 0 -2 0 0 0 0 -38 0 23 -4 13 -20 0 0 28 -40 0 0 49 0 0 22 0 31 -33 -41 0 -22 0 
35 22 -48 0 16 -30 43 0 0 0 0 0 -50 6 0 0 0 0 0 -25 -21 0 0 0 42 25 34 8 -21 0 42 37 0 0 0 -7 29 41 0 -9 
0 0 0 0 -15 37 0 7 0 0 23 0 -40 -28 0 0 0 -33 0 0 -29 41 0 0 0 35 -3 0 -27 0 30 0 0 0 -35 0 0 0 -28 37 
0 -27 0 44 0 36 -32 0 -24 0 0 29 0 34 -38 0 -33 -30 0 0 -39 0 0 0 0 32 0 9 0 -26 41 0 0 -40 -35 15 21 0 18 -28 
14 22 -33 0 0 0 0 -42 0 1 0 0 49 0 0 0 0 0 0 47 0 -31 0 5 0 35 0 -19 0 -21 0 0 0 0 0 0 0 0 -35 0 
0 0 12 -34 0 0 0 -1 -10 -49 0 -13 -31 0 23 -25 0 0 47 0 0 -19 0 0 49 -36 -32 14 -5 0 37 0 -43 -44 42 49 17 14 2 0 
0 -16 0 0 0 -25 0 0 -50 -25 -16 -44 0 44 -4 -21 -29 -39 0 0 38 0 -35 18 0 21 0 -8 9 0 -29 0 39 -14 -4 10 -43 -28 42 -35 
11 0 43 0 0 0 -1 0 -26 0 0 -20 0 29 13 0 41 0 -31 -19 0 0 0 0 27 -27 -22 -45 0 0 -9 0 0 0 0 18 0 -1 12 -42 
-28 47 -34 0 -24 0 10 0 -25 38 -41 -28 0 0 -20 0 0 0 0 0 -35 0 -18 5 0 20 -6 0 -6 -33 42 10 24 -28 0 0 39 0 20 0 
0 41 34 0 0 46 0 24 0 47 0 0 45 0 0 0 0 0 5 0 18 0 5 -16 8 0 -14 0 0 0 46 -38 0 -18 -10 0 0 0 -43 -10 
0 -13 48 0 0 -7 44 36 0 0 43 0 -44 9 0 42 0 0 0 49 0 27 0 8 0 32 13 40 5 -32 -3 -5 22 5 42 0 0 -23 0 0 
0 0 0 0 0 42 20 -45 0 5 -30 35 0 0 28 25 35 32 35 -36 21 -27 20 0 32 -26 18 0 30 0 0 20 -16 -20 0 0 22 -16 -1 0 
1 0 0 -40 -21 -26 0 -50 20 0 0 0 -15 -37 -40 34 -3 0 0 -32 0 -22 -6 -14 13 18 -18 0 -3 -41 0 0 6 0 17 32 0 0 0 0 
0 27 0 0 -50 0 -26 0 0 0 0 -4 47 0 0 8 0 9 -19 14 -8 -45 0 0 40 0 0 -39 -40 -30 -3 -42 13 14 0 0 -5 0 9 0 
25 0 5 0 0 -39 -36 0 12 28 -18 -39 0 0 0 -21 -27 0 0 -5 9 0 -6 0 5 30 -3 -40 0 -34 0 0 -10 43 0 0 28 2 16 0 
-3 0 -2 0 -14 41 0 0 0 -2 0 0 0 -16 49 0 0 -26 -21 0 0 0 -33 0 -32 0 -41 -30 -34 -1 -6 -3 -20 -30 0 0 8 0 -7 14 
0 -27 0 0 0 0 24 44 0 32 10 10 0 0 0 42 30 41 0 37 -29 -9 42 46 -3 0 0 -3 0 -6 0 0 5 0 0 -23 -2 0 0 0 
-38 0 0 40 45 -43 0 -32 0 45 -13 0 0 0 0 37 0 0 0 0 0 0 10 -38 -5 20 0 -42 0 -3 0 0 0 0 7 -31 0 0 -40 10 
-22 0 0 27 0 -41 -40 0 0 -45 45 0 -36 -7 22 0 0 0 0 -43 39 0 24 0 22 -16 6 13 -10 -20 5 0 0 3 0 0 0 0 -5 0 
-16 15 -11 0 6 -12 0 0 42 -26 -16 -22 -3 -44 0 0 0 -40 0 -44 -14 0 -28 -18 5 -20 0 14 43 -30 0 0 3 39 -25 0 -30 40 0 42 
15 0 0 0 0 -43 40 0 48 0 -2 -29 0 0 31 0 -35 -35 0 42 -4 0 0 -10 42 0 17 0 0 0 0 7 0 -25 13 -36 0 38 0 0 
-12 13 0 0 -24 0 0 45 0 0 3 0 -43 -1 -33 -7 0 15 0 49 10 18 0 0 0 0 32 0 0 0 -23 -31 0 0 -36 -34 0 -45 -32 0 
0 -46 0 19 0 0 8 10 47 -43 19 0 0 34 -41 29 0 21 0 17 -43 0 39 0 0 22 0 -5 28 8 -2 0 0 -30 0 0 0 0 0 0 
0 -33 27 7 0 -16 44 46 4 -20 0 0 0 -30 0 41 0 0 0 14 -28 -1 0 0 -23 -16 0 0 2 0 0 0 0 40 38 -45 0 -6 0 0 
-22 -1 0 0 0 0 -8 0 7 0 29 0 36 43 -22 0 -28 18 -35 2 42 12 20 -43 0 -1 0 9 16 -7 0 -40 -5 0 0 -32 0 0 0 0 
-43 48 -2 0 30 -19 48 0 43 0 21 0 0 38 0 -9 37 -28 0 0 -35 -42 0 -10 0 0 0 0 0 14 0 10 0 42 0 0 0 0 0 25 
