50
41  -32  7  39  15  43  -46  1  42  15  -20  44  26  5  -46  8  -5  22  9  22  -1  -35  -38  -33  42  -5  25  8  47  -19  6  42  43  -18  -27  -23  41  -15  -20  27  39  -25  -36  25  -4  38  -47  7  17  17  
-48 -7 12 1 -44 -30 -16 -44 -11 -46 42 -22 -11 36 32 -32 1 -38 -39 -28 42 38 28 -42 -37 18 -34 0 25 -16 31 49 22 -25 47 -39 -38 24 -24 2 2 -17 45 -28 15 41 29 -41 20 -25 
-7 -17 -24 29 -41 -2 -7 48 24 16 4 5 -30 35 -15 -3 34 39 15 47 46 43 25 -33 -17 5 -1 40 -45 -22 -16 10 -48 -20 47 49 50 -45 11 9 22 25 -34 -17 30 -48 28 -32 -29 46 
12 -24 3 -1 10 -11 28 10 -49 -8 33 49 -7 22 37 19 49 -21 38 -34 -48 -35 35 13 -12 30 -49 45 45 -3 0 18 -7 -46 -43 14 46 9 37 -36 39 -48 21 -30 17 10 -47 -44 34 -1 
1 29 -1 -42 -40 8 46 -33 -23 16 -33 -27 -21 -48 -15 -26 33 17 11 -36 37 -18 32 -20 40 -3 41 -43 -10 -44 42 30 -49 31 48 -45 -27 33 31 -28 2 44 -40 37 -18 -44 -14 11 -45 15 
-44 -41 10 -40 -15 20 -42 2 -48 39 -1 -34 46 -40 31 26 24 -12 -18 31 47 2 35 38 -18 -40 33 -2 -6 13 42 7 -22 -6 -2 17 31 -35 16 29 41 31 -25 -50 -10 -18 43 10 1 24 
-30 -2 -11 8 20 0 35 -46 -11 -37 20 -29 -30 -22 -30 34 46 46 35 10 24 42 -36 -22 18 -30 -28 49 -49 -48 -4 32 22 -22 -29 -5 12 -31 29 8 18 -2 14 -46 -40 -42 -48 -42 -37 50 
-16 -7 28 46 -42 35 -48 -6 -9 25 -32 15 -6 -11 31 -38 14 3 46 -24 45 44 21 -6 -4 11 -24 45 16 17 40 13 -26 -1 -44 49 39 -47 -17 -7 -32 -50 -29 -8 38 29 21 30 -25 24 
-44 48 10 -33 2 -46 -6 -18 5 4 -23 -47 3 7 -40 -21 12 -25 -1 -21 4 -32 -27 -14 -38 -2 46 -13 31 -44 -10 -35 35 12 -33 -28 8 -6 -20 23 36 -27 37 44 -16 -46 -10 -32 -45 -36 
-11 24 -49 -23 -48 -11 -9 5 -39 42 13 21 -34 20 -28 -42 -34 6 -37 -49 6 50 20 13 8 -6 32 41 -29 -14 42 -14 48 34 11 16 43 18 -10 18 46 -3 16 36 44 -25 -36 10 -22 -16 
-46 16 -8 16 39 -37 25 4 42 -16 -32 -47 21 1 22 -7 33 -50 1 -16 -46 27 -44 18 5 -25 10 20 -13 -46 -10 50 -28 -8 43 8 -37 -44 -39 9 39 8 46 -39 -27 -13 41 19 17 46 
42 4 33 -33 -1 20 -32 -23 13 -32 -22 9 28 -50 27 -42 -4 -25 -17 6 25 -32 -36 -18 36 1 10 37 28 -22 4 -13 -18 -25 -15 -47 -22 -43 -36 -10 -9 44 -19 6 -24 26 0 -6 -7 41 
-22 5 49 -27 -34 -29 15 -47 21 -47 9 -44 46 6 -27 -40 -24 -16 28 0 18 16 -49 -26 -39 3 37 4 24 -50 36 -11 -4 48 18 30 -20 7 -40 45 -10 -12 -48 29 43 -45 -19 44 -2 6 
-11 -30 -7 -21 46 -30 -6 3 -34 21 28 46 -2 18 -9 22 -6 -44 29 1 -29 4 35 20 -36 -2 -43 38 -23 -49 -42 4 10 29 -44 2 -5 8 4 19 -46 12 46 22 24 -1 50 25 40 7 
36 35 22 -48 -40 -22 -11 7 20 1 -50 6 18 43 14 49 40 0 13 32 -2 21 -4 -38 -30 38 -44 15 -22 41 41 -46 -16 -25 15 43 2 20 -25 22 -10 -24 -39 -18 32 46 -44 -7 -8 -5 
32 -15 37 -15 31 -30 31 -40 -28 22 27 -27 -9 14 36 -2 -13 44 -41 31 16 -42 -3 25 -6 -29 -38 10 -30 14 -25 -12 44 -33 -9 -37 -5 -23 -23 -4 35 -31 45 -28 -39 12 16 18 24 38 
-32 -3 19 -26 26 34 -38 -21 -42 -7 -42 -40 22 49 -2 6 -31 -4 33 -35 -13 -5 -19 -26 -45 -38 14 -38 -5 43 13 2 46 -20 37 9 -3 -31 31 25 -21 26 -33 -15 -25 20 -47 44 -29 15 
1 34 49 33 24 46 14 12 -34 33 -4 -24 -6 40 -13 -31 -13 -21 -31 -12 48 -11 46 47 -3 13 37 -5 -49 -30 -12 -18 4 41 -28 21 28 -31 -29 37 -13 -13 25 21 31 -37 -3 -44 14 36 
-38 39 -21 17 -12 46 3 -25 6 -50 -25 -16 -44 0 44 -4 -21 -29 -19 7 13 17 -50 8 14 -7 -29 20 -47 23 13 -1 -20 -28 26 -49 -34 13 6 -22 -6 0 -26 -27 6 -46 46 13 24 11 
-39 15 38 11 -18 35 46 -1 -37 1 -17 28 29 13 -41 33 -31 -19 32 41 -7 5 20 -4 33 -11 -9 0 -42 3 49 -50 19 18 -35 -41 -49 31 -46 24 16 -15 -31 -6 -4 37 38 -35 46 -13 
-28 47 -34 -36 31 10 -24 -21 -49 -16 6 0 1 32 31 -35 -12 7 41 34 44 -30 26 47 -21 3 42 -42 42 39 -24 -27 -31 -35 -42 -49 7 -20 47 48 -38 -6 -48 1 5 47 13 -10 17 3 
42 46 -48 37 47 24 45 4 6 -46 25 18 -29 -2 16 -13 48 13 -7 44 36 35 -30 50 -27 34 46 -28 -1 15 19 -21 26 2 -32 35 -47 35 -14 -44 8 19 10 -31 -9 -1 26 16 36 8 
38 43 -35 -18 2 42 44 -32 50 27 -32 16 4 21 -42 -5 -11 17 5 -30 35 48 -4 8 30 -33 -3 9 -50 41 45 44 41 42 27 -34 -15 -43 30 -10 37 6 33 6 -2 -50 19 -20 -3 11 
28 25 35 32 35 -36 21 -27 20 -44 -36 -49 35 -4 -3 -19 46 -50 20 26 -30 -4 -7 -12 -5 -8 49 -9 -18 17 -30 -18 1 12 38 -44 -31 12 -45 -11 -38 -23 47 42 -42 -44 6 -18 22 -24 
-42 -33 13 -20 38 -22 -6 -14 13 18 -18 -26 20 -38 25 -26 47 8 -4 47 50 8 -12 -31 9 11 -3 40 12 -43 -41 -45 -17 20 34 -19 41 -34 -35 50 35 49 -3 -35 -26 33 -41 38 -50 24 
-37 -17 -12 40 -18 18 -4 -38 8 5 36 -39 -36 -30 -6 -45 -3 14 33 -21 -27 30 -5 9 -27 -41 -7 -25 6 40 7 -32 -48 -43 14 48 27 -20 -31 35 3 50 16 18 3 35 -13 22 -7 -37 
18 5 30 -3 -40 -30 11 -2 -6 -25 1 3 -2 38 -29 -38 13 -7 -11 3 34 -33 -8 11 -41 -30 46 4 -12 -40 -43 23 -5 -29 -9 -5 -45 33 -36 8 4 -5 -43 39 30 -15 -34 16 46 37 
-34 -1 -49 41 33 -28 -24 46 32 10 10 37 -43 -44 -38 14 37 -29 -9 42 46 -3 49 -3 -7 46 -38 -41 23 1 -1 21 49 2 48 5 -39 -15 -13 4 -37 33 27 15 -21 -2 -12 10 -23 6 
0 40 45 -43 -2 49 45 -13 41 20 37 4 38 15 10 -38 -5 20 0 -42 -28 9 -9 40 -25 4 -41 -40 42 -2 -33 -31 -38 9 42 -32 46 -35 3 -7 12 49 8 -22 -42 24 22 -5 -26 34 
25 -45 45 -10 -6 -49 16 31 -29 -13 28 24 -23 -22 -30 -5 -49 -47 -42 42 -1 -50 -18 12 6 -12 23 42 -26 -29 -7 -10 -42 16 9 21 45 -45 -6 37 30 -35 4 38 -17 1 42 33 24 -8 
-16 -22 -3 -44 13 -48 17 -44 -14 -46 -22 -50 -49 41 14 43 -30 23 3 39 15 41 17 -43 40 -40 1 -2 -29 3 -13 2 45 -7 25 46 -31 -14 -44 4 -18 -23 -15 43 25 39 24 -41 -34 -20 
31 -16 0 42 42 -4 40 -10 42 -10 4 36 -42 41 -25 13 -12 13 49 -24 19 45 -30 -41 7 -43 -1 -33 -7 -13 44 39 -46 -49 -39 6 49 17 20 26 -17 -7 -10 -29 45 50 44 -41 37 42 
49 10 18 30 7 32 13 -35 -14 50 -13 -11 4 -46 -12 2 -18 -1 -50 -27 -21 44 -18 -45 -32 23 21 -31 -10 2 39 34 44 -42 -32 -42 23 -18 -40 -11 -39 -37 -37 17 -36 -36 46 -11 40 -29 
22 -48 -7 -49 -22 22 -26 35 48 -28 -18 -4 10 -16 44 46 4 -20 19 -31 26 41 1 -17 -48 -5 49 -38 -42 45 -46 44 42 4 -44 21 1 27 16 34 -24 -47 18 14 40 -32 -50 -26 30 43 
-25 -20 -46 31 -6 -22 -1 12 34 -8 -25 48 29 -25 -33 -20 41 -28 18 -35 2 42 12 20 -43 -29 2 9 16 -7 -49 -42 4 -16 -32 -8 0 38 35 7 35 -24 43 -49 -4 23 -33 45 19 37 
47 47 -43 48 -2 -29 -44 -33 11 43 -15 18 -44 15 -9 37 -28 26 -35 -42 -32 27 38 34 14 -9 48 42 9 25 -39 -32 -44 -32 40 -27 -46 -11 1 29 -32 3 47 -17 -34 20 -48 -38 -10 -26 
-39 49 14 -45 17 -5 49 -28 16 8 -47 30 2 43 -37 9 21 -49 -41 -49 35 -34 -44 -19 48 -5 5 -32 21 46 6 -42 21 -8 -27 11 39 10 23 -17 30 -30 -3 -11 40 -30 46 -46 27 42 
-38 50 46 -27 31 12 39 8 43 -37 -22 -20 -5 2 -5 -3 28 -34 -49 7 -47 -15 -31 41 27 -45 -39 46 45 -31 49 23 1 0 -46 39 3 34 -1 22 34 -33 7 -9 -35 29 9 -26 -41 33 
24 -45 9 33 -35 -31 -47 -6 18 -44 -43 7 8 20 -23 -31 -31 13 31 -20 35 -43 12 -34 -20 33 -15 -35 -45 -14 17 -18 27 38 -11 10 34 -38 -36 -31 16 32 4 -17 44 -8 22 -41 -16 30 
-24 11 37 31 16 29 -17 -20 -10 -39 -36 -40 4 -25 -23 31 -29 6 -46 47 -14 30 -45 -35 -31 -36 -13 3 -6 -44 20 -40 16 35 1 23 -1 -36 22 -34 -41 8 -25 -29 -3 -46 22 -1 -8 44 
2 9 -36 -28 29 8 -7 23 18 9 -10 45 19 22 -4 25 37 -22 24 48 -44 -10 -11 50 35 8 4 -7 37 4 26 -11 34 7 29 -17 22 -31 -34 -37 37 33 4 -46 37 4 3 39 -22 -7 
2 22 39 2 41 18 -32 36 46 39 -9 -10 -46 -10 35 -21 -13 -6 16 -38 8 37 -38 35 3 4 -37 12 30 -18 -17 -39 -24 35 -32 30 34 16 -41 37 -41 -33 47 10 -37 -24 23 19 -39 42 
-17 25 -48 44 31 -2 -50 -27 -3 8 44 -12 12 -24 -31 26 -13 0 -15 -6 19 6 -23 49 50 -5 33 49 -35 -23 -7 -37 -47 -24 3 -30 -33 32 8 33 -33 -3 20 2 10 26 42 -10 -28 -32 
45 -34 21 -40 -25 14 -29 37 16 46 -19 -48 46 -39 45 -33 25 -26 -31 -48 10 33 47 -3 16 -43 27 8 4 -15 -10 -37 18 43 47 -3 7 4 -25 4 47 20 -28 12 -11 37 19 17 25 33 
-28 -17 -30 37 -50 -46 -8 44 36 -39 6 29 22 -18 -28 -15 21 -27 -6 1 -31 6 42 -35 18 39 15 -22 38 43 -29 17 14 -49 -17 -11 -9 -17 -29 -46 10 2 12 -22 -2 -42 -31 -38 36 17 
15 30 17 -18 -10 -40 38 -16 44 -27 -24 43 24 32 -39 -25 31 6 -4 5 -9 -2 -42 -26 3 30 -21 -42 -17 25 45 -36 40 -4 -34 40 -35 44 -3 37 -37 10 -11 -2 -20 18 36 7 -48 38 
41 -48 10 -44 -18 -42 29 -46 -25 -13 26 -45 -1 46 12 20 -37 -46 37 47 -1 -50 -44 33 35 -15 -2 24 1 39 50 -36 -32 23 20 -30 29 -8 -46 4 -24 26 37 -42 18 45 -17 28 11 40 
29 28 -47 -14 43 -48 21 -10 -36 41 0 -19 50 -44 16 -47 -3 46 38 13 26 19 6 -41 -13 -34 -12 22 42 24 44 46 -50 -33 -48 46 9 22 22 3 23 42 19 -31 36 -17 44 23 -36 1 
-41 -32 -44 11 10 -42 30 -32 10 19 -6 44 25 -7 18 44 -44 13 -35 -10 16 -20 -18 38 22 16 10 -5 33 -41 -41 -11 -26 45 -38 -46 -26 -41 -1 39 19 -10 17 -38 7 28 23 -44 -12 -7 
20 -29 34 -45 1 -37 -25 -45 -22 17 -7 -2 40 -8 24 -29 14 24 46 17 36 -3 22 -50 -7 46 -23 -26 24 -34 37 40 30 19 -10 27 -41 -16 -8 -22 -39 -28 25 36 -48 11 -36 -12 -11 13 
-25 46 -1 15 24 50 24 -36 -16 46 41 6 7 -5 38 15 36 11 -13 3 8 11 -24 24 -37 37 6 34 -8 -20 42 -29 43 37 -26 42 33 30 44 -7 42 -32 33 17 38 40 1 -7 13 27 
