30
8  -4  -4  -16  47  32  50  -20  8  18  -12  9  -31  -19  -37  14  -17  -8  -12  -45  40  23  -18  40  18  50  -4  -39  -38  25  
0 5 0 0 1 1 0 20 0 0 0 0 0 0 0 -11 0 0 0 0 0 0 0 0 0 0 0 0 0 -15 
5 0 0 0 29 -7 14 0 0 0 0 0 37 0 0 0 0 0 0 28 0 0 -25 0 -17 0 0 0 25 0 
0 0 12 0 0 -38 0 0 0 0 0 0 0 9 0 38 0 0 0 0 6 0 0 0 0 0 0 0 0 -7 
0 0 0 0 0 0 0 0 0 0 0 0 0 0 -27 0 0 0 0 0 1 0 0 0 -34 0 5 49 0 -42 
1 29 0 0 0 -40 0 0 -13 -21 0 0 0 0 0 0 0 0 23 0 0 0 0 0 0 0 0 0 32 0 
1 -7 -38 0 -40 -15 0 0 0 0 0 -19 42 0 37 0 0 0 0 0 0 40 -25 -1 -24 0 0 0 35 -3 
0 14 0 0 0 0 0 0 0 0 30 24 0 -32 24 0 0 -50 -40 29 0 -13 0 0 0 0 0 0 0 0 
20 0 0 0 0 0 0 0 -26 49 0 0 0 -23 0 0 0 0 0 0 0 -31 -16 -26 0 0 -13 0 -20 0 
0 0 0 0 -13 0 0 -26 50 0 0 -8 0 13 0 0 0 0 38 34 0 0 -44 0 0 0 0 8 0 0 
0 0 0 0 -21 0 0 49 0 0 16 0 0 0 -27 -8 0 0 0 0 0 0 0 0 0 0 0 0 0 38 
0 0 0 0 0 0 30 0 0 16 0 0 0 -41 0 0 0 0 0 4 0 0 44 0 0 0 0 0 -26 0 
0 0 0 0 0 -19 24 0 -8 0 0 39 0 0 -47 0 0 0 0 0 0 -25 -4 0 -21 0 0 0 0 0 
0 37 0 0 0 42 0 0 0 0 0 0 0 -22 0 0 -48 0 0 -42 0 0 0 0 0 0 -7 0 0 -6 
0 0 9 0 0 0 -32 -23 13 0 -41 0 -22 0 0 -34 0 0 13 -7 0 0 0 29 -41 24 0 0 32 -14 
0 0 0 -27 0 37 24 0 0 -27 0 -47 0 0 -44 0 16 0 0 0 0 0 0 0 0 0 0 0 -26 0 
-11 0 38 0 0 0 0 0 0 -8 0 0 0 -34 0 0 0 -15 0 22 0 0 -22 0 6 47 0 42 1 0 
0 0 0 0 0 0 0 0 0 0 0 0 -48 0 16 0 -11 37 0 -33 12 0 19 0 0 0 0 0 0 0 
0 0 0 0 0 0 -50 0 0 0 0 0 0 0 0 -15 37 0 0 0 0 0 0 41 0 0 0 0 0 0 
0 0 0 0 23 0 -40 0 38 0 0 0 0 13 0 0 0 0 0 0 40 0 0 0 0 45 0 0 0 0 
0 28 0 0 0 0 29 0 34 0 4 0 -42 -7 0 22 -33 0 0 0 0 0 0 0 0 0 43 17 -3 0 
0 0 6 1 0 0 0 0 0 0 0 0 0 0 0 0 12 0 40 0 0 0 0 -44 0 0 0 0 0 0 
0 0 0 0 0 40 -13 -31 0 0 0 -25 0 0 0 0 0 0 0 0 0 0 0 0 0 0 -44 0 0 27 
0 -25 0 0 0 -25 0 -16 -44 0 44 -4 0 0 0 -22 19 0 0 0 0 0 0 0 0 0 0 0 46 0 
0 0 0 0 0 -1 0 -26 0 0 0 0 0 29 0 0 0 41 0 0 -44 0 0 0 0 0 0 -21 0 0 
0 -17 0 -34 0 -24 0 0 0 0 0 -21 0 -41 0 6 0 0 0 0 0 0 0 0 -35 5 0 0 0 -50 
0 0 0 0 0 0 0 0 0 0 0 0 0 24 0 47 0 0 45 0 0 0 0 0 5 0 0 0 0 0 
0 0 0 5 0 0 0 -13 0 0 0 0 -7 0 0 0 0 0 0 43 0 -44 0 0 0 0 0 0 0 -26 
0 0 0 49 0 0 0 0 8 0 0 0 0 0 0 42 0 0 0 17 0 0 0 -21 0 0 0 0 0 0 
0 25 0 0 32 35 0 -20 0 0 -26 0 0 32 -26 1 0 0 0 -3 0 0 46 0 0 0 0 0 0 0 
-15 0 -7 -42 0 -3 0 0 0 38 0 0 -6 -14 0 0 0 0 0 0 0 27 0 0 -50 0 -26 0 0 0 
