80
-34  22  -38  24  34  -42  -46  -1  10  19  -2  4  5  22  -35  -48  1  46  -48  11  -1  40  -48  16  16  39  4  19  -9  33  19  -40  -36  -35  -38  -27  -8  17  -17  2  32  39  21  34  -19  29  42  -47  -5  -26  -1  12  -29  38  -25  22  36  44  46  18  13  10  -2  -14  -48  25  -11  -22  28  16  41  -38  -12  8  -15  -15  -2  -43  -47  34  
22 -20 -16 38 47 -8 29 -36 31 45 -37 -49 8 -44 47 40 -7 -28 36 8 -43 -24 -32 -4 30 -40 -18 19 -16 -30 -8 -16 23 8 -43 34 -11 -17 31 33 -42 44 -12 -29 2 -8 20 -38 42 37 -41 38 -31 -28 38 -28 23 22 22 -19 33 13 9 17 -14 -21 23 33 -21 -17 -12 -23 10 -7 -42 -34 25 -45 42 34 
-20 -41 4 17 19 3 -5 20 -34 8 20 -27 35 31 -38 -32 18 -19 15 -30 -44 -19 -26 -19 -27 -40 -6 1 -33 -40 -21 48 10 43 -31 9 -16 -32 -32 33 36 -29 -21 27 37 -8 -31 0 -22 -25 -40 14 24 33 28 48 29 6 -33 22 -40 -47 -6 -31 -46 -4 -1 -21 19 28 44 -44 -9 -41 -47 38 -24 -7 50 44 
-16 4 19 6 40 -19 -21 -9 -15 -27 26 -11 -1 14 1 11 -7 41 11 -24 -39 -24 -15 18 42 -33 -7 47 -36 -46 47 17 -45 -5 17 12 4 -8 44 -32 40 -33 23 50 -22 28 12 25 -5 -13 -21 6 8 9 -36 -22 42 22 -6 -34 42 6 4 -40 12 -22 18 -24 6 1 -1 14 31 -39 -45 -26 39 19 32 -32 
38 17 6 -30 -47 34 -37 -9 23 7 43 25 33 43 45 -8 30 -39 -47 -4 26 -19 -27 -37 5 -46 18 -40 20 -44 17 28 35 -24 -35 -17 20 44 -23 24 3 -25 -14 41 -26 -8 -39 26 7 44 -15 -38 -9 -26 -13 -12 38 -10 42 30 -40 -18 -8 18 38 2 -28 -27 -10 15 7 0 -10 17 -42 4 6 -37 44 19 
47 19 40 -47 38 25 18 4 12 12 -38 -37 -49 -44 -49 42 41 0 23 1 25 -13 0 2 34 -31 -3 -49 -25 17 28 39 3 -13 35 38 19 36 -32 8 10 42 3 -6 -42 -20 -11 -20 -15 -24 29 9 42 24 -5 -8 -13 -26 -15 38 -15 -33 -14 -46 6 -10 -25 2 3 14 42 -14 -39 27 -27 -30 -23 49 17 -13 
-8 3 -19 34 25 25 -24 2 -15 3 -48 -38 -1 27 -17 48 -23 -29 -25 30 -5 1 -33 -49 43 24 13 7 -28 -31 -42 27 -21 9 13 27 -14 46 -32 -42 -7 4 12 10 -5 2 -30 21 35 11 -37 17 1 -12 -29 -49 -41 15 -13 -4 8 -43 7 -3 -46 28 -19 15 24 37 29 26 -27 -19 -6 -42 -30 50 22 -24 
29 -5 -21 -37 18 -24 -45 9 40 -14 -26 -40 7 44 31 48 36 36 -16 -48 -3 -47 50 19 -2 5 -5 1 -13 -16 30 -29 -8 -43 9 9 44 -45 -1 12 35 -15 27 1 24 -3 -33 -49 16 -11 -29 -31 -41 16 -39 43 16 19 8 -47 -4 -29 27 50 -35 -50 36 -37 22 30 29 47 1 15 -17 17 24 -31 -49 8 
-36 20 -9 -9 4 2 9 -37 47 12 4 22 49 -27 44 33 31 12 -5 35 -10 39 10 42 48 26 -4 20 -45 -1 27 -18 40 26 -7 -12 48 -19 15 27 -44 -7 16 -6 -5 21 -1 30 -1 21 -49 -12 -38 33 0 7 38 -6 -24 -42 0 39 -32 30 -21 -1 -14 -18 -31 -17 36 48 -43 -30 44 32 9 -20 30 18 
31 -34 -15 23 12 -15 40 47 12 43 35 -49 -12 45 38 13 24 -40 50 25 -47 2 41 -50 -30 -33 -37 -9 21 -48 -29 20 33 25 50 -26 24 -21 47 17 -17 -46 -50 -39 33 35 14 13 -37 37 -13 12 5 13 50 -27 -15 3 41 -10 -27 34 5 38 6 17 5 40 36 36 28 12 20 33 -48 13 -2 9 30 5 
45 8 -27 7 12 3 -14 12 43 50 -22 47 25 6 41 9 27 -2 -36 4 -38 36 -47 36 -10 -49 41 -32 15 -15 -10 -7 -1 -2 50 -20 27 46 13 -42 -24 -4 -39 -45 45 0 28 26 -39 21 -23 1 -28 7 -6 7 5 0 -32 -21 0 41 -48 -37 48 -4 -39 -29 -37 43 -5 -18 -43 -1 6 15 30 17 -46 -21 
-37 20 26 43 -38 -48 -26 4 35 -22 47 -30 -24 14 5 36 -3 12 4 31 -49 19 -44 15 23 6 27 -33 -35 -7 16 4 3 17 -33 12 -50 -22 -7 -9 -13 14 13 35 38 -32 49 26 -48 20 -39 -17 -19 12 -29 -25 -33 32 19 -46 -5 16 19 7 39 -38 -32 -33 -39 -46 31 29 -39 44 -36 -19 50 -39 38 37 
-49 -27 -11 25 -37 -38 -40 22 -49 47 -30 25 -13 -1 -22 20 -44 16 14 21 -50 13 -13 8 15 26 0 -26 38 -3 -35 -37 36 21 -13 -50 4 14 -1 -13 42 -45 42 -43 -25 49 -2 45 -41 30 46 -12 -20 -5 -5 -26 -12 -22 11 9 -46 29 47 -45 10 24 -47 -31 48 -34 4 -43 -42 7 25 35 -11 -44 23 14 
8 35 -1 33 -49 -1 7 49 -12 25 -24 -13 -29 5 10 -18 -42 25 5 45 41 -50 -34 6 -29 49 -44 48 -4 -14 -39 -17 39 20 14 0 -45 26 31 -31 11 43 -27 10 3 -22 7 36 -7 -35 25 -47 -47 43 34 -32 -45 50 32 10 -36 -18 -21 -19 -20 -48 16 46 46 -15 -22 19 -36 -16 -37 43 48 34 17 -26 
-44 31 14 43 -44 27 44 -27 45 6 14 -1 5 42 9 -5 -32 2 -37 -24 42 -19 27 -15 25 -50 45 49 0 5 -10 11 -39 -35 50 -33 30 35 -11 45 44 47 -40 31 -32 17 -1 23 -23 -16 -47 -32 25 -42 -6 21 -41 3 17 -48 -7 -44 -27 -2 -31 44 -44 32 20 35 -17 -31 13 27 21 -29 43 -15 49 20 
47 -38 1 45 -49 -17 31 44 38 41 5 -22 10 9 31 -9 38 -48 -48 -7 -35 42 13 -31 10 36 -31 -13 -16 -15 6 12 10 28 -35 35 44 -12 19 23 25 10 -41 37 -16 -19 -11 43 49 7 -35 -42 31 -26 3 30 -40 -12 -20 -46 -16 -15 -34 -8 1 44 31 32 29 -16 -25 11 40 -46 -44 -40 5 14 -40 -47 
40 -32 11 -8 42 48 48 33 13 9 36 20 -18 -5 -9 -18 7 38 25 14 12 -26 -2 -21 23 2 -25 12 35 42 34 35 -37 -27 -4 42 -23 -40 -33 25 33 13 -25 -3 31 10 -4 -11 -12 16 26 21 -27 29 -47 -9 -35 25 14 49 24 39 37 35 -6 39 -40 46 48 -44 27 -29 44 -48 32 34 31 12 18 -42 
-7 18 -7 30 41 -23 36 31 24 27 -3 -44 -42 -32 38 7 -3 4 -13 20 49 44 -15 -7 -8 28 4 30 -7 46 42 -49 35 -11 28 28 27 48 -27 -19 13 32 22 -49 -30 36 3 33 -11 -8 -15 -25 39 28 48 39 39 -14 35 -6 24 -17 -44 42 33 -14 18 27 45 24 49 -41 -39 -3 5 -4 -31 39 4 -37 
-28 -19 41 -39 0 -29 36 12 -40 -2 12 16 25 2 -48 38 4 45 19 -16 23 35 23 -15 -45 27 13 -14 -36 -12 -43 16 47 32 -8 32 34 41 -36 10 24 -46 16 -33 -30 -27 6 4 44 -15 32 47 26 -18 6 12 47 -26 26 11 34 13 34 14 16 -22 -41 31 -8 33 12 -48 -37 3 -6 5 -29 -14 -39 8 
36 15 11 -47 23 -25 -16 -5 50 -36 4 14 5 -37 -48 25 -13 19 -31 -7 -10 -27 -4 27 -31 11 -50 20 -21 -45 -15 46 10 26 41 9 48 43 39 -25 26 -35 31 31 10 28 8 -47 12 -32 -18 -19 -47 -46 -23 -31 -50 27 6 21 -6 37 -47 -35 -39 4 -46 45 -48 27 2 44 19 20 -30 31 8 11 4 8 
8 -30 -24 -4 1 30 -48 35 25 4 31 21 45 -24 -7 14 20 -16 -7 13 -33 -28 -49 24 -20 20 -43 31 17 -47 -1 -27 12 -40 32 -40 -36 38 45 45 9 46 -5 -23 -38 -20 -6 -47 -32 5 -46 10 23 33 17 15 -48 2 -41 33 -24 25 6 -17 18 -13 0 -6 -30 7 28 19 4 20 44 21 27 -43 9 24 
-43 -44 -39 26 25 -5 -3 -10 -47 -38 -49 -50 41 42 -35 12 49 23 -10 -33 32 -33 -18 -28 41 28 45 4 -38 -32 40 -8 25 -13 19 -14 -43 -29 -7 -2 -37 15 38 -7 19 -38 -26 9 29 -36 -23 38 -18 -40 -49 27 -2 44 -9 -15 26 -40 49 -28 -46 -37 27 38 -22 4 10 27 19 6 3 -31 19 -27 50 5 
-24 -19 -24 -19 -13 1 -47 39 2 36 19 13 -50 -19 42 -26 44 35 -27 -28 -33 -9 -28 -30 3 -26 33 36 49 49 38 -42 4 32 48 46 48 -34 13 35 -33 -15 -32 -5 49 -22 -26 -13 11 -22 -31 46 -34 16 28 6 -26 4 -34 31 -18 3 9 -9 -2 -19 1 41 -6 6 -46 41 15 -32 -46 -27 13 35 -9 -19 
-32 -26 -15 -27 0 -33 50 10 41 -47 -44 -13 -34 27 13 -2 -15 23 -4 -49 -18 -28 2 -12 -37 -28 -6 -32 15 -5 -23 -38 26 19 -32 -11 35 -42 -49 36 28 -28 41 -15 3 -14 -29 1 -50 -35 0 44 10 -19 24 -48 -11 39 0 38 -32 28 41 22 -32 31 -31 -15 35 -32 48 27 14 8 -12 -35 -38 47 48 -42 
-4 -19 18 -37 2 -49 19 42 -50 36 15 8 6 -15 -31 -21 -7 -15 27 24 -28 -30 -12 -39 -43 39 31 40 14 28 5 34 -17 -42 8 15 -1 -31 -49 40 -26 22 35 49 1 -31 32 7 -2 7 -21 14 -37 -9 22 -18 -31 7 -45 0 8 36 -15 0 2 -9 -36 43 9 -43 25 46 -7 -26 2 -14 -49 18 46 -27 
30 -27 42 5 34 43 -2 48 -30 -10 23 15 -29 25 10 23 -8 -45 -31 -20 41 3 -37 -43 -24 -22 -37 43 -3 3 17 -1 9 -4 -50 19 -15 7 5 -42 48 -6 0 -46 -40 31 21 -6 -10 -15 -50 31 19 -50 21 31 26 35 49 49 -19 48 -4 18 -49 -20 -5 -16 -10 38 -25 6 -17 41 30 -32 -49 49 -17 11 
-40 -40 -33 -46 -31 24 5 26 -33 -49 6 26 49 -50 36 2 28 27 11 20 28 -26 -28 39 -22 -21 40 11 10 -13 -41 46 11 -48 -36 -37 42 -26 28 11 48 -39 -36 -17 27 -34 26 24 36 5 -15 -5 -49 46 28 24 15 -30 39 -32 -5 -9 -44 21 -41 40 17 -17 -3 -14 -20 43 37 1 18 -50 -28 20 13 22 
-18 -6 -7 18 -3 13 -5 -4 -37 41 27 0 -44 45 -31 -25 4 13 -50 -43 45 33 -6 31 -37 40 36 -27 25 23 -27 12 38 23 40 -17 -48 -47 -26 -33 45 35 -46 -22 30 26 -6 16 -18 -1 -42 22 -47 -20 -30 -44 40 3 30 -43 2 40 41 40 -33 -24 11 23 -30 38 49 0 34 30 -24 2 15 13 46 33 
19 1 47 -40 -49 7 1 20 -9 -32 -33 -26 48 49 -13 12 30 -14 20 31 4 36 -32 40 43 11 -27 -8 43 -5 7 -16 -38 35 20 43 -22 37 -31 -47 30 -12 12 17 -27 -5 -44 39 44 11 29 48 15 36 -19 -17 -6 -50 10 33 -21 26 27 -24 -2 -38 0 -50 20 -25 10 27 -28 17 11 26 5 -16 -9 28 
-16 -33 -36 20 -25 -28 -13 -45 21 15 -35 38 -4 0 -16 35 -7 -36 -21 17 -38 49 15 14 -3 10 25 43 50 3 -43 -7 -6 37 33 10 39 -50 37 -18 36 -2 49 37 -20 38 -3 -40 -30 -17 0 -27 -50 19 -32 38 13 18 19 -1 -48 -13 24 6 -43 -46 -32 -22 -12 17 -46 -12 -34 47 -50 13 32 -43 9 -44 
-30 -40 -46 -44 17 -31 -16 -1 -48 -15 -7 -3 -14 5 -15 42 46 -12 -45 -47 -32 49 -5 28 3 -13 23 -5 3 -23 46 45 9 8 -14 4 -17 -28 19 15 43 37 4 30 41 9 -39 -11 35 -38 -21 25 -19 19 48 22 19 33 6 -50 -18 4 -33 -4 8 -3 -2 4 2 -29 4 4 -45 2 -36 24 -6 6 -5 49 
-8 -21 47 17 28 -42 30 27 -29 -10 16 -35 -39 -10 6 34 42 -43 -15 -1 40 38 -23 5 17 -41 -27 7 -43 46 -22 -44 -30 3 43 43 -18 -49 -49 43 44 6 -27 15 -7 41 5 -23 9 -27 -37 38 48 -22 37 -18 29 -43 34 -25 36 40 -35 -40 -45 -7 -22 39 5 7 3 -12 -40 4 6 -40 13 -24 -42 6 
-16 48 17 28 39 27 -29 -18 20 -7 4 -37 -17 11 12 35 -49 16 46 -27 -8 -42 -38 34 -1 46 12 -16 -7 45 -44 20 -49 -20 -1 -34 43 -46 41 8 49 45 -1 -24 45 -10 -47 12 -31 -16 24 -16 23 43 -8 37 10 -22 29 4 -42 47 20 21 37 7 -22 -37 23 -17 12 18 -36 29 -7 17 9 -49 -38 6 
23 10 -45 35 3 -21 -8 40 33 -1 3 36 39 -39 10 -37 35 47 10 12 25 4 26 -17 9 11 38 -38 -6 9 -30 -49 -48 41 39 -43 2 14 -16 47 23 25 14 4 -33 24 -22 -45 -35 -9 -9 -19 36 -21 -22 -8 15 -50 -19 -21 31 -9 23 28 6 -33 -16 1 30 21 5 -21 14 17 19 45 33 -44 -49 -26 
8 43 -5 -24 -13 9 -43 26 25 -2 17 21 20 -35 28 -27 -11 32 26 -40 -13 32 19 -42 -4 -48 23 35 37 8 3 -20 41 18 -20 -27 39 -23 30 40 -1 42 17 -3 -25 -10 17 -21 19 -44 -38 18 -27 -7 -25 11 43 -37 -8 30 -17 43 -37 45 14 -15 19 31 30 -15 -5 37 -5 15 -44 37 39 0 34 16 
-43 -31 17 -35 35 13 9 -7 50 50 -33 -13 14 50 -35 -4 28 -8 41 32 19 48 -32 8 -50 -36 40 20 33 -14 43 -1 39 -20 -31 -41 -13 -12 37 5 -17 5 3 37 33 -8 5 -12 -47 20 12 -1 44 14 -7 -11 6 -6 8 -1 -13 21 -13 -46 50 -15 -35 45 11 11 -38 -33 10 13 3 12 -9 -23 -48 29 
34 9 12 -17 38 27 9 -12 -26 -20 12 -50 0 -33 35 42 28 32 9 -40 -14 46 -11 15 19 -37 -17 43 10 4 43 -34 -43 -27 -41 0 -4 0 31 -27 -28 35 -32 38 10 16 12 -42 -17 12 20 -18 10 -39 34 3 -17 32 8 11 49 -17 -23 -30 -19 36 4 -2 -38 -47 35 50 -38 10 -8 15 -40 -28 -37 -6 
-11 -16 4 20 19 -14 44 48 24 27 -50 4 -45 30 44 -23 27 34 48 -36 -43 48 35 -1 -15 42 -48 -22 39 -17 -18 43 2 39 -13 -4 50 -15 -5 1 0 -37 10 47 -32 12 -13 -49 31 -33 6 32 -33 41 8 26 3 -6 -34 -33 -19 -9 -18 -28 -27 -48 4 -44 -13 23 -35 23 34 32 -45 28 -2 -33 -43 -9 
-17 -32 -8 44 36 46 -45 -19 -21 46 -22 14 26 35 -12 -40 48 41 43 38 -29 -34 -42 -31 7 -26 -47 37 -50 -28 -49 -46 14 -23 -12 0 -15 -37 1 19 28 40 -28 10 -27 -7 31 10 -14 42 -8 -45 -25 3 -10 -43 10 -1 39 -1 43 33 42 -50 -7 -45 -18 -30 43 50 -27 -34 -5 -38 17 -47 -5 -42 5 -29 
31 -32 44 -23 -32 -32 -1 15 47 13 -7 -1 31 -11 19 -33 -27 -36 39 45 -7 13 -49 -49 5 28 -26 -31 37 19 -49 41 -16 30 37 31 -5 1 18 40 24 -8 40 18 25 -31 -17 -36 -36 -26 43 -10 -33 26 -18 28 -15 -42 -3 -22 -45 -10 -7 47 16 -43 -50 -3 44 -12 20 11 49 36 -4 -14 -26 3 -4 15 
33 33 -32 24 8 -42 12 27 17 -42 -9 -13 -31 45 23 25 -19 10 -25 45 -2 35 36 40 -42 11 -33 -47 -18 15 43 8 47 40 5 -27 1 19 40 45 -10 -25 23 -37 -33 -36 -16 41 15 -16 -20 -10 -4 -42 -44 -47 -50 49 6 -28 19 38 -23 13 -29 -48 26 36 -33 9 -30 26 27 17 -21 2 30 -13 -8 -9 
-42 36 40 3 10 -7 35 -44 -17 -24 -13 42 11 44 25 33 13 24 26 9 -37 -33 28 -26 48 48 45 30 36 43 44 49 23 -1 -17 -28 0 28 24 -10 -48 46 19 16 -36 11 -35 27 -29 -45 -15 -26 1 -17 20 -15 6 -23 -44 -43 46 50 -26 -17 30 -20 -3 -15 -10 43 -36 15 4 -34 12 -2 -33 -34 20 -10 
44 -29 -33 -25 42 4 -15 -7 -46 -4 14 -45 43 47 10 13 32 -46 -35 46 15 -15 -28 22 -6 -39 35 -12 -2 37 6 45 25 42 5 35 -37 40 -8 -25 46 40 -30 -16 -40 -18 0 46 -10 22 11 25 -37 27 0 16 32 16 16 -22 26 -26 -1 24 -3 6 15 38 28 -50 -18 39 -23 -11 2 46 30 43 -15 -37 
-12 -21 23 -14 3 12 27 16 -50 -39 13 42 -27 -40 -41 -25 22 16 31 -5 38 -32 41 35 0 -36 -46 12 49 4 -27 -1 14 17 3 -32 10 -28 40 23 19 -30 47 -27 -47 -31 38 13 39 43 -1 -7 30 7 10 -49 -47 -14 46 28 -37 25 40 -36 -46 14 -22 -16 45 -32 16 -20 -29 -40 2 -44 -43 38 -42 -38 
-29 27 50 41 -6 10 1 -6 -39 -45 35 -43 10 31 37 -3 -49 -33 31 -23 -7 -5 -15 49 -46 -17 -22 17 37 30 15 -24 4 -3 37 38 47 10 18 -37 16 -16 -27 1 -27 24 -19 -23 47 -38 -12 3 -4 45 -23 -21 47 -43 18 35 -30 39 18 -27 16 -48 39 36 3 12 -48 42 46 -4 8 30 42 -47 -43 23 
2 37 -22 -26 -42 -5 24 -5 33 45 38 -25 3 -32 -16 31 -30 -30 10 -38 19 49 3 1 -40 27 30 -27 -20 41 -7 45 -33 -25 33 10 -32 -27 25 -33 -36 -40 -47 -27 -36 20 -22 18 -40 -43 -3 -48 33 -19 -8 35 -44 44 -40 22 16 3 21 -35 -10 4 41 -30 2 18 48 0 30 16 19 -43 -21 6 32 -28 
-8 -8 28 -8 -20 2 -3 21 35 0 -32 49 -22 17 -19 10 36 -27 28 -20 -38 -22 -14 -31 31 -34 26 -5 38 9 41 -10 24 -10 -8 16 12 -7 -31 -36 11 -18 -31 24 20 -44 -21 7 31 39 35 48 47 -43 23 10 32 -39 -17 -42 -45 12 -43 42 46 -9 -30 6 50 31 24 12 1 23 -14 1 31 -36 1 34 
20 -31 12 -39 -11 -30 -33 -1 14 28 49 -2 7 -1 -11 -4 3 6 8 -6 -26 -26 -29 32 21 26 -6 -44 -3 -39 5 -47 -22 17 5 12 -13 31 -17 -16 -35 0 38 -19 -22 -21 -29 20 15 28 -49 27 7 16 43 -28 -3 21 -27 38 47 -29 24 7 38 -10 -26 24 8 -33 -4 -47 -22 -6 7 11 14 46 9 -22 
-38 0 25 26 -20 21 -49 30 13 26 26 45 36 23 43 -11 33 4 -47 -47 9 -13 1 7 -6 24 16 39 -40 -11 -23 12 -45 -21 -12 -42 -49 10 -36 41 27 46 13 -23 18 7 20 11 -34 37 50 30 34 -30 12 -12 -10 -41 31 -13 -13 39 16 -5 28 9 -6 11 34 40 34 -26 4 -7 44 -44 19 19 12 -22 
42 -22 -5 7 -15 35 16 -1 -37 -39 -48 -41 -7 -23 49 -12 -11 44 12 -32 29 11 -50 -2 -10 36 -18 44 -30 35 9 -31 -35 19 -47 -17 31 -14 -36 15 -29 -10 39 47 -40 31 15 -34 24 -45 -1 -24 -41 -20 20 1 23 -22 22 50 -24 34 -47 -17 34 -45 3 9 32 41 -47 27 47 -28 23 -22 -15 43 25 44 
37 -25 -13 44 -24 11 -11 21 37 21 20 30 -35 -16 7 16 -8 -15 -32 5 -36 -22 -35 7 -15 5 -1 11 -17 -38 -27 -16 -9 -44 20 12 -33 42 -26 -16 -45 22 43 -38 -43 39 28 37 -45 6 -38 37 -48 26 32 -38 16 22 -29 -46 3 1 -12 -44 39 36 -28 -16 36 44 -35 24 -11 -7 -29 35 -22 34 -2 -47 
-41 -40 -21 -15 29 -37 -29 -49 -13 -23 -39 46 25 -47 -35 26 -15 32 -18 -46 -23 -31 0 -21 -50 -15 -42 29 0 -21 -37 24 -9 -38 12 20 6 -8 43 -20 -15 11 -1 -12 -3 35 -49 50 -1 -38 -1 -33 49 -22 -34 -43 -9 -21 -10 32 -2 27 35 -16 -21 5 -38 -7 4 -45 -49 3 34 -8 2 35 -4 -43 -24 -20 
38 14 6 -38 9 17 -31 -12 12 1 -17 -12 -47 -32 -42 21 -25 47 -19 10 38 46 44 14 31 -5 22 48 -27 25 38 -16 -19 18 -1 -18 32 -45 -10 -10 -26 25 -7 3 -48 48 27 30 -24 37 -33 41 -35 -24 21 15 -22 -21 16 -26 15 -4 -5 -20 -44 -10 38 -20 -38 -19 0 -25 36 -34 22 49 -11 -28 -30 30 
-31 24 8 -9 42 1 -41 -38 5 -28 -19 -20 -47 25 31 -27 39 26 -47 23 -18 -34 10 -37 19 -49 -47 15 -50 -19 48 23 36 -27 44 10 -33 -25 -33 -4 1 -37 30 -4 33 47 7 34 -41 -48 49 -35 31 35 38 32 18 32 26 -24 -40 7 -29 -27 -12 -47 -49 42 44 -3 -37 -42 36 19 -29 -9 26 25 -25 -40 
-28 33 9 -26 24 -12 16 33 13 7 12 -5 43 -42 -26 29 28 -18 -46 33 -40 16 -19 -9 -50 46 -20 36 19 19 -22 43 -21 -7 14 -39 41 3 26 -42 -17 27 7 45 -19 -43 16 -30 -20 26 -22 -24 35 7 -4 12 10 38 -48 -27 -10 -26 17 -22 21 30 -13 49 15 7 -41 42 -35 -14 18 -28 6 4 -13 -37 
38 28 -36 -13 -5 -29 -39 0 50 -6 -29 -5 34 -6 3 -47 48 6 -23 17 -49 28 24 22 21 28 -30 -19 -32 48 37 -8 -22 -25 -7 34 8 -10 -18 -44 20 0 10 -23 -8 23 43 12 20 32 -34 21 38 -4 -1 -42 -31 43 50 16 -21 32 21 -13 3 -34 12 -19 3 -27 49 -3 -20 -29 5 27 1 -3 18 -36 
-28 48 -22 -12 -8 -49 43 7 -27 7 -25 -26 -32 21 30 -9 39 12 -31 15 27 6 -48 -18 31 24 -44 -17 38 22 -18 37 -8 11 -11 3 26 -43 28 -47 -15 16 -49 -21 35 10 -28 -12 1 -38 -43 15 32 12 -42 -43 48 -21 24 19 49 31 34 38 15 -2 -32 -14 -21 24 -26 -21 -49 -26 -17 48 -50 11 -12 -27 
23 29 42 38 -13 -41 16 38 -15 5 -33 -12 -45 -41 -40 -35 39 47 -50 -48 -2 -26 -11 -31 26 15 40 -6 13 19 29 10 15 43 6 -17 3 10 -15 -50 6 32 -47 47 -44 32 -3 -10 23 16 -9 -22 18 10 -31 48 -25 -18 7 14 -30 -8 -41 10 -27 -37 -47 0 21 34 -47 -6 -49 -9 34 -28 41 36 -17 -41 
22 6 22 -10 -26 15 19 -6 3 0 32 -22 50 3 -12 25 -14 -26 27 2 44 4 39 7 35 -30 3 -50 18 33 -43 -22 -50 -37 -6 32 -6 -1 -42 49 -23 16 -14 -43 44 -39 21 -41 -22 22 -21 -21 32 38 43 -21 -18 13 -29 -26 20 26 -45 41 44 -43 15 34 -7 -17 -41 29 -24 45 -32 5 -28 -44 -46 42 
22 -33 -6 42 -15 -13 8 -24 41 -32 19 11 32 17 -20 14 35 26 6 -41 -9 -34 0 -45 49 39 30 10 19 6 34 29 -19 -8 8 8 -34 39 -3 6 -44 16 46 18 -40 -17 -27 31 22 -29 -10 16 26 -48 50 24 7 -29 -44 24 29 46 22 9 23 22 5 -5 -36 -26 8 -4 14 -37 49 -15 9 35 -3 -16 
-19 22 -34 30 38 -4 -47 -42 -10 -21 -46 9 10 -48 -46 49 -6 11 21 33 -15 31 38 0 49 -32 -43 33 -1 -50 -25 4 -21 30 -1 11 -33 -1 -22 -28 -43 -22 28 35 22 -42 38 -13 50 -46 32 -26 -24 -27 16 19 14 -26 24 -20 36 7 -35 -10 -50 4 -38 -8 -5 35 -18 47 -39 44 -19 0 16 -3 18 40 
33 -40 42 -40 -15 8 -4 0 -27 0 -5 -46 -36 -7 -16 24 24 34 -6 -24 26 -18 -32 8 -19 -5 2 -21 -48 -18 36 -42 31 -17 -13 49 -19 43 -45 19 46 26 -37 -30 16 -45 47 -13 -24 3 -2 15 -40 -10 -21 49 -30 20 29 36 22 34 -6 10 -16 37 27 44 -27 -13 3 -28 12 12 -28 5 -43 -19 -34 6 
13 -47 6 -18 -33 -43 -29 39 34 41 16 29 -18 -44 -15 39 -17 13 37 25 -40 3 28 36 48 -9 40 26 -13 4 40 47 -9 43 21 -17 -9 33 -10 38 50 -26 25 39 3 12 -29 39 34 1 27 -4 7 -26 32 31 -8 26 46 7 34 27 15 -30 48 50 6 45 -25 31 -32 -9 -9 -4 -10 3 -30 25 -8 -37 
9 -6 4 -8 -14 7 27 -32 5 -48 19 47 -21 -27 -34 37 -44 34 -47 6 49 9 41 -15 -4 -44 41 27 24 -33 -35 20 23 -37 -13 -23 -18 42 -7 -23 -26 -1 40 18 21 -43 24 16 -47 -12 35 -5 -29 17 21 34 -41 -45 22 -35 -6 15 -47 -25 -2 6 2 5 1 20 -42 24 10 42 -37 -4 -23 19 -27 31 
17 -31 -40 18 -46 -3 50 30 38 -37 7 -45 -19 -2 -8 35 42 14 -35 -17 -28 -9 22 0 18 21 40 -24 6 -4 -40 21 28 45 -46 -30 -28 -50 47 13 -17 24 -36 -27 -35 42 7 -5 -17 -44 -16 -20 -27 -22 -13 38 10 41 9 -10 10 -30 -25 48 -12 -25 -32 38 21 40 -25 -24 18 41 -44 39 32 -50 -38 44 
-14 -46 12 38 6 -46 -35 -21 6 48 39 10 -20 -31 1 -6 33 16 -39 18 -46 -2 -32 2 -49 -41 -33 -2 -43 8 -45 37 6 14 50 -19 -27 -7 16 -29 30 -3 -46 16 -10 46 38 28 34 39 -21 -44 -12 21 3 15 -27 44 23 -50 -16 48 -2 -12 -50 -28 38 47 48 13 19 -1 -49 14 30 -7 36 30 49 28 
-21 -4 -22 2 -10 28 -50 -1 17 -4 -38 24 -48 44 44 39 -14 -22 4 -13 -37 -19 31 -9 -20 40 -24 -38 -46 -3 -7 7 -33 -15 -15 36 -48 -45 -43 -48 -20 6 14 -48 4 -9 -10 9 -45 36 5 -10 -47 30 -34 -2 -37 -43 22 4 37 50 6 -25 -28 -8 -30 41 -1 -10 32 -39 5 -34 31 -35 43 -2 -1 6 
23 -1 18 -28 -25 -19 36 -14 5 -39 -32 -47 16 -44 31 -40 18 -41 -46 0 27 1 -31 -36 -5 17 11 0 -32 -2 -22 -22 -16 19 -35 4 4 -18 -50 26 -3 15 -22 39 41 -30 -26 -6 3 -28 -38 38 -49 -13 12 -32 -47 15 5 -38 27 6 2 -32 38 -30 2 -33 3 42 -35 1 -42 -18 27 1 44 -28 11 -35 
33 -21 -24 -27 2 15 -37 -18 40 -29 -33 -31 46 32 32 46 27 31 45 -6 38 41 -15 43 -16 -17 23 -50 -22 4 39 -37 1 31 45 -2 -44 -30 -3 36 -15 38 -16 36 -30 6 24 11 9 -16 -7 -20 42 49 -19 -14 0 34 -5 -8 44 45 5 38 47 41 -33 26 31 41 16 40 -20 -29 -49 19 32 -36 22 11 
-21 19 6 -10 3 24 22 -31 36 -37 -39 48 46 20 29 48 45 -8 -48 -30 -22 -6 35 9 -10 -3 -30 20 -12 2 5 23 30 30 11 -38 -13 43 44 -33 -10 28 45 3 2 50 8 34 32 36 4 -38 44 15 3 -21 21 -7 -36 -5 -27 -25 1 21 48 -1 3 31 -29 45 6 -30 1 46 37 -3 40 20 -27 14 
-17 28 1 15 14 37 30 -17 36 43 -46 -34 -15 35 -16 -44 24 33 27 7 4 6 -32 -43 38 -14 38 -25 17 -29 7 -17 21 -15 11 -47 23 50 -12 9 43 -50 -32 12 18 31 -33 40 41 44 -45 -19 -3 7 -27 24 34 -17 -26 35 -13 31 20 40 13 -10 42 41 45 39 -25 -19 -32 37 42 42 17 23 -48 28 
-12 44 -1 7 42 29 29 36 28 -5 31 4 -22 -17 -25 27 49 12 2 28 10 -46 48 25 -25 -20 49 10 -46 4 3 12 5 -5 -38 35 -35 -27 20 -30 -36 -18 16 -48 48 24 -4 34 -47 -35 -49 0 -37 -41 49 -26 -47 -41 8 -18 3 -32 -42 -25 19 32 -35 16 6 -25 0 2 15 -3 -19 -37 -4 15 -40 -2 
-23 -44 14 0 -14 26 47 48 12 -18 29 -43 19 -31 11 -29 -41 -48 44 19 27 41 27 46 6 43 0 27 -12 4 -12 18 -21 37 -33 50 23 -34 11 26 15 39 -20 42 0 12 -47 -26 27 24 3 -25 -42 42 -3 -21 -6 29 -4 47 -28 -9 24 -24 -1 -39 1 40 -30 -19 2 -37 6 -41 10 -7 -48 4 22 -17 
10 -9 31 -10 -39 -27 1 -43 20 -43 -39 -42 -36 13 40 44 -39 -37 19 4 19 15 14 -7 -17 37 34 -28 -34 -45 -40 -36 14 -5 10 -38 34 -5 49 27 4 -23 -29 46 30 1 -22 4 47 -11 34 36 36 -35 -20 -49 -49 -24 14 -39 12 -9 10 18 -49 5 -42 -20 1 -32 15 6 25 19 9 30 -48 -22 -49 38 
-7 -41 -39 17 27 -19 15 -30 33 -1 44 7 -16 27 -46 -48 -3 3 20 20 6 -32 8 -26 41 1 30 17 47 2 4 29 17 15 13 10 32 -38 36 17 -34 -11 -40 -4 16 23 -6 -7 -28 -7 -8 -34 19 -14 -29 -26 -9 45 -37 44 12 -4 42 41 14 -34 -18 -29 46 37 -3 -41 19 41 -13 -6 7 1 44 -34 
-42 -47 -45 -42 -27 -6 -17 44 -48 6 -36 25 -37 21 -44 32 5 -6 -30 44 3 -46 -12 2 30 18 -24 11 -50 -36 6 -7 19 -44 3 -8 -45 17 -4 -21 12 2 2 8 19 -14 7 44 23 -29 2 22 -29 18 5 -17 34 -32 49 -19 -28 -10 -37 -44 30 31 27 -49 37 42 -19 10 9 -13 -48 46 41 12 -10 -37 
-34 38 -26 4 -30 -42 17 32 13 15 -19 35 43 -29 -40 34 -4 5 31 21 -31 -27 -35 -14 -32 -50 2 26 13 24 -40 17 45 37 12 15 28 -47 -14 2 -2 46 -44 30 -43 1 11 -44 -22 35 35 49 -9 -28 27 48 -28 5 -15 0 5 3 -4 39 -7 -35 1 19 -3 42 -37 -7 30 -6 46 -7 -11 -32 -15 -27 
25 -24 39 6 -23 -30 24 9 -2 30 50 -11 48 43 5 31 -31 -29 8 27 19 13 -38 -49 -49 -28 15 5 32 -6 13 9 33 39 -9 -40 -2 -5 -26 30 -33 30 -43 42 -21 31 14 19 -15 -22 -4 -11 26 6 1 -50 41 -28 9 16 -43 -30 -23 32 36 43 44 32 40 17 -4 -48 -48 7 41 -11 2 -48 14 -48 
-45 -7 19 -37 49 50 -31 -20 9 17 -39 -44 34 -15 14 12 39 -14 11 -43 -27 35 47 18 49 20 13 -16 -43 6 -24 -49 -44 0 -23 -28 -33 -42 3 -13 -34 43 38 -47 6 -36 46 19 43 34 -43 -28 25 4 -3 11 36 -44 35 -3 -19 25 19 -50 30 -2 -28 -36 20 23 15 4 -22 1 12 -32 -48 9 -10 -36 
42 50 32 44 17 22 -49 30 30 -46 38 23 17 49 -40 18 4 -39 4 9 50 -9 48 46 -17 13 46 -9 9 -5 -42 -38 -49 34 -48 -37 -43 5 -4 -8 20 -15 -42 -43 32 1 9 12 25 -2 -24 -30 -25 -13 18 -12 -17 -46 -3 18 -34 -8 -27 -38 49 -1 11 22 -27 -48 -40 22 -49 44 -10 -15 14 -10 48 -41 
34 44 -32 19 -13 -24 8 18 5 -21 37 14 -26 20 -47 -42 -37 8 8 24 5 -19 -42 -27 11 22 33 28 -44 49 6 6 -26 16 29 -6 -9 -29 15 -9 -10 -37 -38 23 -28 34 -22 -22 44 -47 -20 30 -40 -37 -36 -27 -41 42 -16 40 6 -37 31 44 28 6 -35 11 14 28 -2 -17 38 -34 -37 -27 -48 -36 -41 -13 
