40
-8  -9  27  24  -8  -16  -42  -25  -43  -17  -31  15  25  -1  -2  -16  46  50  14  35  -13  9  -13  45  11  40  12  -42  -19  9  42  16  -15  16  13  48  11  -50  49  -36  
0 0 0 -30 0 0 0 0 0 0 0 0 0 0 0 0 0 -45 0 0 0 0 -37 0 0 0 0 0 3 0 0 0 0 0 2 0 0 0 0 0 
0 0 0 -6 0 0 -11 15 0 0 -26 46 0 0 -45 0 -29 0 -23 0 0 0 -29 0 0 0 0 0 0 0 0 0 0 0 0 21 0 0 -32 15 
0 0 0 -4 0 0 0 0 0 0 0 0 0 0 46 -19 0 0 0 20 0 0 2 5 0 0 0 0 0 0 0 0 -9 -46 0 0 0 0 0 0 
-30 -6 -4 0 6 0 0 0 0 0 19 0 0 -33 0 0 0 0 -28 0 1 0 0 0 0 0 0 0 0 0 -24 -18 0 0 0 0 0 0 0 0 
0 0 0 6 0 5 0 -9 0 0 0 0 0 40 0 0 0 48 -2 0 0 26 0 0 0 0 0 0 0 0 15 0 0 0 0 -17 0 0 0 0 
0 0 0 0 5 0 0 0 0 0 0 0 -31 0 -24 38 0 0 -47 -8 0 3 0 0 0 0 0 35 0 0 -32 0 15 0 0 -49 0 -28 0 0 
0 -11 0 0 0 0 0 0 -30 0 0 0 0 -9 0 0 0 0 0 -26 -25 -43 0 -46 41 0 0 0 0 0 -9 0 0 33 0 0 22 0 45 0 
0 15 0 0 -9 0 0 0 0 0 0 0 0 -29 0 0 0 -2 18 0 0 0 0 -31 39 0 0 0 38 0 0 0 14 -33 0 0 0 -32 0 40 
0 0 0 0 0 0 -30 0 -2 0 -43 0 0 0 0 0 34 39 0 -21 0 0 0 0 0 0 20 0 18 0 0 0 0 1 0 0 0 0 0 0 
0 0 0 0 0 0 0 0 0 0 -35 0 0 0 37 -26 0 0 0 0 22 0 0 0 0 0 0 0 0 46 0 18 0 0 0 0 0 0 0 12 
0 -26 0 19 0 0 0 0 -43 -35 -37 0 0 0 0 0 0 -43 0 0 0 0 0 0 0 0 0 0 3 48 -16 0 30 0 21 0 0 0 0 0 
0 46 0 0 0 0 0 0 0 0 0 0 -1 0 0 0 47 0 0 0 0 0 0 0 0 0 0 1 0 49 24 0 0 0 0 0 0 0 16 42 
0 0 0 0 0 -31 0 0 0 0 0 -1 0 0 20 0 0 -32 -6 0 0 13 0 -11 0 0 31 0 -26 0 12 -36 0 0 0 0 0 -6 0 0 
0 0 0 -33 40 0 -9 -29 0 0 0 0 0 0 0 0 0 0 0 0 0 0 0 0 0 0 0 0 -34 0 0 0 0 0 24 0 0 0 0 0 
0 -45 46 0 0 -24 0 0 0 37 0 0 20 0 0 0 0 0 0 0 0 0 4 0 0 0 0 0 -21 -6 0 0 25 0 0 47 0 0 0 0 
0 0 -19 0 0 38 0 0 0 -26 0 0 0 0 0 0 0 0 -28 0 0 0 0 0 0 -21 0 0 0 20 -25 28 0 0 0 29 0 0 0 41 
0 -29 0 0 0 0 0 0 34 0 0 47 0 0 0 0 0 0 0 33 0 0 -20 42 0 17 0 -27 0 0 -23 0 0 0 43 0 0 0 0 0 
-45 0 0 0 48 0 0 -2 39 0 -43 0 -32 0 0 0 0 0 0 37 0 0 0 0 -14 0 0 -49 0 0 0 0 0 -14 0 0 0 0 0 0 
0 -23 0 -28 -2 -47 0 18 0 0 0 0 -6 0 0 -28 0 0 0 0 0 0 25 0 0 -48 29 0 0 0 0 0 0 0 0 0 -40 0 -34 0 
0 0 20 0 0 -8 -26 0 -21 0 0 0 0 0 0 0 33 37 0 0 0 0 0 -17 0 0 0 0 0 0 0 -40 42 0 0 0 0 0 0 0 
0 0 0 1 0 0 -25 0 0 22 0 0 0 0 0 0 0 0 0 0 0 0 0 0 0 0 33 0 5 6 0 0 0 -43 0 0 0 28 0 -24 
0 0 0 0 26 3 -43 0 0 0 0 0 13 0 0 0 0 0 0 0 0 -7 0 0 -1 0 0 0 -1 0 0 -8 0 0 6 -12 0 0 16 0 
-37 -29 2 0 0 0 0 0 0 0 0 0 0 0 4 0 -20 0 25 0 0 0 0 16 0 -33 -33 0 0 0 0 0 22 0 0 0 0 0 0 0 
0 0 5 0 0 0 -46 -31 0 0 0 0 -11 0 0 0 42 0 0 -17 0 0 16 10 0 0 0 0 0 0 0 0 0 0 0 47 31 43 0 0 
0 0 0 0 0 0 41 39 0 0 0 0 0 0 0 0 0 -14 0 0 0 -1 0 0 0 0 29 0 0 0 0 0 0 29 1 0 0 0 0 0 
0 0 0 0 0 0 0 0 0 0 0 0 0 0 0 -21 17 0 -48 0 0 0 -33 0 0 0 0 0 0 35 23 0 0 0 0 0 0 0 0 0 
0 0 0 0 0 0 0 0 20 0 0 0 31 0 0 0 0 0 29 0 33 0 -33 0 29 0 -7 0 0 0 0 14 0 -34 0 0 0 0 0 0 
0 0 0 0 0 35 0 0 0 0 0 1 0 0 0 0 -27 -49 0 0 0 0 0 0 0 0 0 34 0 33 0 0 0 0 0 0 47 0 0 -38 
3 0 0 0 0 0 0 38 18 0 3 0 -26 -34 -21 0 0 0 0 0 5 -1 0 0 0 0 0 0 0 30 0 0 0 0 0 0 0 8 0 8 
0 0 0 0 0 0 0 0 0 46 48 49 0 0 -6 20 0 0 0 0 6 0 0 0 0 35 0 33 30 0 0 0 0 0 0 0 -45 0 0 0 
0 0 0 -24 15 -32 -9 0 0 0 -16 24 12 0 0 -25 -23 0 0 0 0 0 0 0 0 23 0 0 0 0 0 0 0 0 0 0 0 0 0 -38 
0 0 0 -18 0 0 0 0 0 18 0 0 -36 0 0 28 0 0 0 -40 0 -8 0 0 0 0 14 0 0 0 0 0 0 0 36 0 0 0 0 0 
0 0 -9 0 0 15 0 14 0 0 30 0 0 0 25 0 0 0 0 42 0 0 22 0 0 0 0 0 0 0 0 0 19 14 0 0 0 0 0 0 
0 0 -46 0 0 0 33 -33 1 0 0 0 0 0 0 0 0 -14 0 0 -43 0 0 0 29 0 -34 0 0 0 0 0 14 0 32 0 0 0 0 0 
2 0 0 0 0 0 0 0 0 0 21 0 0 24 0 0 43 0 0 0 0 6 0 0 1 0 0 0 0 0 0 36 0 32 0 0 0 0 25 0 
0 21 0 0 -17 -49 0 0 0 0 0 0 0 0 47 29 0 0 0 0 0 -12 0 47 0 0 0 0 0 0 0 0 0 0 0 0 0 40 0 0 
0 0 0 0 0 0 22 0 0 0 0 0 0 0 0 0 0 0 -40 0 0 0 0 31 0 0 0 47 0 -45 0 0 0 0 0 0 0 0 0 0 
0 0 0 0 0 -28 0 -32 0 0 0 0 -6 0 0 0 0 0 0 0 28 0 0 43 0 0 0 0 8 0 0 0 0 0 0 40 0 0 -24 0 
0 -32 0 0 0 0 45 0 0 0 0 16 0 0 0 0 0 0 -34 0 0 16 0 0 0 0 0 0 0 0 0 0 0 0 25 0 0 -24 0 0 
0 15 0 0 0 0 0 40 0 12 0 42 0 0 0 41 0 0 0 0 -24 0 0 0 0 0 0 -38 8 0 -38 0 0 0 0 0 0 0 0 0 
