30
-25  30  -15  47  -33  22  36  37  2  5  -21  36  26  1  0  42  6  -41  -40  27  3  6  -7  -48  31  -12  -4  -6  -37  47  
21 1 0 -4 -9 44 -28 -42 0 4 23 -46 0 0 34 0 -50 0 15 7 10 0 -7 0 -21 0 19 -42 0 0 
1 0 -30 -22 20 0 -3 -14 19 -24 0 23 24 -2 -45 -28 21 -45 6 5 20 -20 25 -8 -11 -37 -40 6 15 -48 
0 -30 -6 9 -35 41 -21 25 23 0 0 -2 20 34 -20 -2 -21 -9 0 0 -21 19 29 0 0 -50 -15 14 29 0 
-4 -22 9 6 28 0 36 19 10 0 0 15 0 0 -35 -47 0 -2 4 8 0 -16 -43 5 0 -42 -38 -47 -36 16 
-9 20 -35 28 -28 -41 -22 17 -43 -2 -41 0 -14 -29 0 -34 0 -8 -41 5 -35 -42 0 -42 49 -26 -8 0 12 21 
44 0 41 0 -41 6 -5 7 -35 0 43 -43 -36 0 33 30 24 40 -40 49 0 -36 -40 0 0 19 -39 -22 0 32 
-28 -3 -21 36 -22 -5 -30 -6 -37 16 0 -42 -8 0 -2 20 -3 29 -50 0 39 46 36 3 -7 0 0 22 -21 -17 
-42 -14 25 19 17 7 -6 -26 -32 0 -5 0 0 -22 39 -46 0 0 -29 -46 -12 -48 29 0 21 -16 0 0 -30 -49 
0 19 23 10 -43 -35 -37 -32 0 -14 -33 34 38 4 -44 -13 33 42 7 -31 0 -15 0 -16 -1 24 25 32 -9 20 
4 -24 0 0 -2 0 16 0 -14 -31 40 -24 0 34 4 -37 37 0 0 4 22 -44 -7 41 46 12 -40 -12 2 -20 
23 0 0 0 -41 43 0 -5 -33 40 -36 40 0 28 -32 32 -5 7 40 -4 42 20 0 -45 48 0 -38 -21 42 0 
-46 23 -2 15 0 -43 -42 0 34 -24 40 -44 -30 47 0 -9 -4 26 25 -11 -2 36 37 0 49 -25 26 -18 -20 48 
0 24 20 0 -14 -36 -8 0 38 0 0 -30 33 0 12 0 0 3 13 0 -14 0 13 18 31 -23 36 19 -25 -31 
0 -2 34 0 -29 0 0 -22 4 34 28 47 0 45 12 -36 1 -43 44 0 -22 12 35 0 -6 48 -34 -11 10 0 
34 -45 -20 -35 0 33 -2 39 -44 4 -32 0 12 12 -23 7 0 -1 0 -31 -29 1 0 3 20 0 -6 -46 -34 29 
0 -28 -2 -47 -34 30 20 -46 -13 -37 32 -9 0 -36 7 -46 0 29 4 0 3 48 -18 -33 -4 0 2 -8 4 0 
-50 21 -21 0 0 24 -3 0 33 37 -5 -4 0 1 0 0 -25 0 0 12 25 -36 10 -44 48 -15 0 0 -46 8 
0 -45 -9 -2 -8 40 29 0 42 0 7 26 3 -43 -1 29 0 13 -20 -17 -8 47 1 -39 6 0 0 33 45 -21 
15 6 0 4 -41 -40 -50 -29 7 0 40 25 13 44 0 4 0 -20 -47 -11 38 0 -16 25 13 -32 43 -33 -36 -12 
7 5 0 8 5 49 0 -46 -31 4 -4 -11 0 0 -31 0 12 -17 -11 16 24 -49 34 27 38 -24 -9 1 0 -25 
10 20 -21 0 -35 0 39 -12 0 22 42 -2 -14 -22 -29 3 25 -8 38 24 0 0 -27 30 35 0 49 -18 -22 0 
0 -20 19 -16 -42 -36 46 -48 -15 -44 20 36 0 12 1 48 -36 47 0 -49 0 0 -49 5 -36 -21 15 0 36 0 
-7 25 29 -43 0 -40 36 29 0 -7 0 37 13 35 0 -18 10 1 -16 34 -27 -49 35 -1 0 22 -35 43 6 10 
0 -8 0 5 -42 0 3 0 -16 41 -45 0 18 0 3 -33 -44 -39 25 27 30 5 -1 0 30 3 31 0 43 0 
-21 -11 0 0 49 0 -7 21 -1 46 48 49 31 -6 20 -4 48 6 13 38 35 -36 0 30 38 -18 0 16 1 -15 
0 -37 -50 -42 -26 19 0 -16 24 12 0 -25 -23 48 0 0 -15 0 -32 -24 0 -21 22 3 -18 -4 30 -14 16 0 
19 -40 -15 -38 -8 -39 0 0 25 -40 -38 26 36 -34 -6 2 0 0 43 -9 49 15 -35 31 0 30 36 7 0 12 
-42 6 14 -47 0 -22 22 0 32 -12 -21 -18 19 -11 -46 -8 0 33 -33 1 -18 0 43 0 16 -14 7 -43 13 0 
0 15 29 -36 12 0 -21 -30 -9 2 42 -20 -25 10 -34 4 -46 45 -36 0 -22 36 6 43 1 16 0 13 -34 19 
0 -48 0 16 21 32 -17 -49 20 -20 0 48 -31 0 29 0 8 -21 -12 -25 0 0 10 0 -15 0 12 0 19 15 
