30
-49  -33  -49  1  -15  -18  48  8  43  39  -16  16  -31  -14  19  7  -42  -43  27  20  15  -28  29  8  -36  -34  12  48  9  -21  
0 0 0 -6 0 0 0 -21 0 0 0 0 -9 0 -30 47 0 -28 37 0 -29 49 0 0 -12 -8 -1 35 33 43 
0 1 0 -4 6 0 0 36 0 0 43 0 -29 0 33 0 0 0 0 0 2 0 39 -5 0 0 0 -36 0 -9 
0 0 -30 0 -9 -28 -41 0 0 10 0 0 0 -44 0 45 0 -9 17 0 0 -46 -12 -21 29 0 -21 0 -4 49 
-6 -4 0 18 20 44 0 -22 17 -43 0 0 0 0 0 0 12 0 28 26 0 -31 0 17 -43 0 -11 30 0 15 
0 6 -9 20 -35 0 0 -30 7 -35 35 0 -23 24 -22 0 -23 -36 1 3 40 0 22 0 0 0 0 0 0 0 
0 0 -28 44 0 0 -28 1 -6 -37 0 -1 0 20 0 -45 0 0 0 -43 25 0 42 -48 -40 34 0 0 0 14 
0 0 -41 0 0 -28 -3 -2 -26 0 0 0 0 0 0 0 -28 0 0 0 0 0 0 0 36 3 0 0 -18 0 
-21 36 0 -22 -30 1 -2 21 0 46 0 0 -43 0 -29 2 -2 0 -25 18 0 -50 -42 1 29 0 0 -37 0 0 
0 0 0 17 7 -6 -26 0 19 0 0 -5 -42 23 0 48 -47 -8 0 0 44 50 -1 -33 0 0 0 -50 22 30 
0 0 10 -43 -35 -37 0 46 0 0 5 -33 0 -19 0 0 -34 -26 -45 0 0 0 3 0 -7 23 -7 0 0 36 
0 43 0 0 35 0 0 0 0 5 -31 40 0 38 -22 0 0 0 0 13 4 0 -1 0 0 0 0 -32 -40 0 
0 0 0 0 0 -1 0 0 -5 -33 40 0 0 38 4 -2 0 -21 24 0 0 42 0 0 37 0 0 -9 0 25 
-9 -29 0 0 -23 0 0 -43 -42 0 0 0 -24 0 34 39 0 0 0 0 -20 12 0 0 13 38 0 0 7 0 
0 0 -44 0 24 20 0 0 23 -19 38 38 0 0 0 -44 0 0 -21 0 0 -17 0 12 35 18 -36 0 -36 14 
-30 33 0 0 -22 0 0 -29 0 0 -22 4 34 0 0 4 -46 24 0 0 25 -11 0 1 0 0 0 -16 17 -47 
47 0 45 0 0 -45 0 2 48 0 0 -2 39 -44 4 -32 -13 0 0 0 0 16 -4 48 0 3 48 24 28 0 
0 0 0 12 -23 0 -28 -2 -47 -34 0 0 0 0 -46 -13 0 36 0 4 0 10 0 0 -15 0 49 12 0 -22 
-28 0 -9 0 -36 0 0 0 -8 -26 0 -21 0 0 24 0 36 33 0 0 0 0 24 20 0 -26 31 0 0 22 
37 0 17 28 1 0 0 -25 0 -45 0 24 0 -21 0 0 0 0 42 -7 0 0 0 0 1 -34 -6 0 0 0 
0 0 0 26 3 -43 0 18 0 0 13 0 0 0 0 0 4 0 -7 -37 8 -21 0 0 -16 -21 20 -25 -40 32 
-29 2 0 0 40 25 0 0 44 0 4 0 -20 0 25 0 0 0 0 8 5 0 0 0 34 0 0 -23 -38 -12 
49 0 -46 -31 0 0 0 -50 50 0 0 42 12 -17 -11 16 10 0 0 -21 0 -35 12 31 -27 0 21 48 26 -21 
0 39 -12 0 22 42 0 -42 -1 3 -1 0 0 0 0 -4 0 24 0 0 0 12 0 0 -49 0 0 0 36 0 
0 -5 -21 17 0 -48 0 1 -33 0 0 0 0 12 1 48 0 20 0 0 0 31 0 0 35 0 6 0 -34 -44 
-12 0 29 -43 0 -40 36 29 0 -7 0 37 13 35 0 0 -15 0 1 -16 34 -27 -49 35 0 0 0 0 0 0 
-8 0 0 0 0 34 3 0 0 23 0 0 38 18 0 3 0 -26 -34 -21 0 0 0 0 0 5 0 45 -17 -11 
-1 0 -21 -11 0 0 0 0 0 -7 0 0 0 -36 0 48 49 31 -6 20 0 21 0 6 0 0 38 -32 0 -46 
35 -36 0 30 0 0 0 -37 -50 0 -32 -9 0 0 -16 24 12 0 0 -25 -23 48 0 0 0 45 -32 0 0 0 
33 0 -4 0 0 0 -18 0 22 0 -40 0 7 -36 17 28 0 0 0 -40 -38 26 36 -34 0 -17 0 0 0 44 
43 -9 49 15 0 14 0 0 30 36 0 25 0 14 -47 0 -22 22 0 32 -12 -21 0 -44 0 -11 -46 0 44 33 
