60
-22  3  21  -23  -8  31  -18  -23  -46  -15  17  -27  47  46  2  11  43  48  1  23  -39  -18  39  15  21  -30  -32  42  24  19  43  14  -1  5  18  32  26  12  33  -12  8  -35  -40  42  43  -28  -29  -6  -25  -31  -20  -39  -37  16  -32  20  -34  6  -41  -11  
-48 -7 12 1 1 -3 39 -48 49 -15 30 -23 30 3 43 0 49 49 23 -21 0 -35 0 20 -21 -50 -36 -22 10 45 -7 13 0 49 0 -16 -32 14 -34 23 -39 -23 19 0 -3 -29 -50 -3 -8 37 0 -3 19 0 18 -50 0 34 -28 7 
-7 -17 -24 29 -7 14 7 -44 0 48 -28 13 -27 -34 42 23 29 0 -25 -29 0 -12 13 -45 -26 -42 0 33 0 -13 22 -48 42 10 34 0 -24 -9 0 -10 -50 31 0 -20 -31 37 -46 -39 34 -42 -37 39 0 -29 39 -47 0 -10 -24 -42 
12 -24 3 0 -38 1 -6 0 -24 -19 0 -32 -42 21 0 0 0 0 0 -39 -31 7 -7 -14 0 49 12 0 0 41 9 17 42 18 22 -46 -25 48 -4 -48 0 0 -37 -16 -11 16 -8 -40 0 0 20 -7 -37 43 -26 -36 50 0 8 -11 
1 29 0 35 -28 30 0 0 34 24 -16 -22 -14 0 -28 -40 34 24 0 15 -19 41 44 -24 -50 0 28 0 -43 0 0 -44 -4 0 0 44 0 42 50 -26 -20 -30 34 -48 0 46 44 0 -48 25 0 -37 0 37 44 0 7 -43 -34 0 
1 -7 -38 -28 -28 -34 46 0 -12 -29 42 -22 -45 0 -8 -28 -38 0 47 38 32 34 36 -21 20 0 -18 -16 0 -13 0 -14 40 0 -5 0 -40 0 0 20 0 -13 -26 -32 0 -19 36 0 10 0 19 -32 -41 -26 -49 17 0 24 2 29 
-3 14 1 30 -34 47 -42 27 30 15 4 5 -46 46 38 0 -21 0 0 11 -28 42 38 0 0 -4 -39 49 30 0 -43 -46 -10 7 28 0 -5 42 0 -10 0 -27 0 0 26 0 0 39 -44 29 -31 0 -16 42 -12 0 0 3 34 0 
39 7 -6 0 46 -42 35 -21 8 -33 33 0 17 -2 35 22 -42 0 -16 -18 47 46 43 0 0 -16 3 21 41 0 39 -22 42 32 8 0 48 22 0 0 -43 0 -22 0 -13 -12 -41 0 -18 28 0 19 -8 33 -46 0 15 -27 -6 0 
-48 -44 0 0 0 27 -21 -14 16 0 -33 0 38 36 0 0 -7 -43 0 0 -34 -48 0 0 -30 0 0 -26 -19 21 0 -50 0 0 -2 40 -32 25 6 27 0 0 24 22 43 0 -47 0 -42 0 0 -10 -22 30 18 0 0 0 0 0 
49 0 -24 34 -12 30 8 16 0 0 -1 -27 12 35 0 -27 -42 -15 3 0 -36 37 -44 28 -4 0 -21 -21 0 0 24 -49 17 8 13 38 0 26 -30 -45 40 -46 48 37 29 -39 0 19 29 -37 0 17 0 44 0 45 -49 48 5 46 
-15 48 -19 24 -29 15 -33 0 0 37 20 -34 12 22 0 -9 -40 40 -25 0 31 47 9 25 -7 0 -27 32 -29 15 -23 41 11 -23 -30 -45 47 38 35 0 -48 0 -44 44 0 45 22 36 -46 3 -8 -38 -2 0 14 -12 19 0 -37 0 
30 -28 0 -16 42 4 33 -33 -1 20 -32 0 0 -48 -15 0 22 0 0 0 10 24 -7 35 -42 8 0 0 -9 10 -22 14 0 -31 0 0 -43 36 0 -16 29 -45 -10 -40 -13 0 -18 0 -25 0 0 7 41 3 20 14 25 50 -23 29 
-23 13 -32 -22 -22 5 0 0 -27 -34 0 24 -30 0 37 -11 0 -4 -14 -1 -24 45 0 32 0 -12 0 -33 42 -38 -30 43 0 0 48 -6 48 0 0 0 0 -35 -11 -9 0 37 -28 0 -13 -48 0 28 -5 0 17 -11 -11 0 31 -43 
30 -27 -42 -14 -45 -46 17 38 12 12 0 -30 -6 16 0 0 0 -24 -25 0 -21 4 44 35 -3 -31 -5 -8 46 -5 -5 -30 7 0 -28 -22 -2 -39 -42 45 0 0 50 2 -15 -10 -15 -26 0 0 -47 23 0 -32 7 -16 24 36 14 -47 
3 -34 21 0 0 46 -2 36 35 22 -48 0 16 -30 7 -32 -2 -6 -33 -26 0 0 -32 -36 44 -37 9 11 -3 20 -49 0 0 -36 -18 -1 0 0 -35 -31 32 25 35 0 -6 -37 21 0 0 19 2 -44 -48 33 20 -2 -22 36 29 -1 
43 42 0 -28 -8 38 35 0 0 0 -15 37 0 7 0 0 6 40 -30 18 -41 3 0 21 -32 -17 -27 -41 0 0 -47 -37 -25 -34 0 0 30 0 -22 49 5 -43 8 -38 0 2 -27 -39 -45 43 26 0 11 17 39 -47 -10 -3 -13 0 
0 23 0 -40 -28 0 22 0 -27 -9 0 -11 0 -32 0 -24 1 -13 -41 -20 -28 5 0 -27 0 -12 18 -30 0 -42 -42 -20 13 -32 7 41 -19 14 -35 23 22 11 4 35 2 13 -6 -25 -1 12 -14 3 0 38 -13 0 40 -9 49 -3 
49 29 0 34 -38 -21 -42 -7 -42 -40 22 0 0 -2 6 1 34 -31 -43 0 4 -13 27 20 -22 40 5 -34 -3 -28 42 0 -12 12 -33 0 48 -45 -13 1 -40 34 0 3 -40 14 1 31 0 0 45 -43 45 40 10 37 -46 -18 -20 0 
49 0 0 24 0 0 0 -43 -15 40 0 -4 -24 -6 40 -13 -31 0 0 29 -20 6 -32 -44 -6 -18 30 -1 0 9 0 15 13 19 -21 -8 -22 0 48 0 -7 11 15 4 21 0 -31 6 0 0 17 0 -2 0 16 -1 -32 9 0 14 
23 -25 0 0 47 0 -16 0 3 -25 0 -14 -25 -33 -30 -41 -43 0 -4 13 29 5 16 0 -14 0 -3 0 -6 -9 -16 0 0 13 0 -25 0 -44 -21 -46 -14 25 0 -37 0 47 6 0 12 0 0 -45 50 43 26 -28 48 0 23 9 
-21 -29 -39 15 38 11 -18 0 0 0 0 -1 0 -26 18 -20 0 29 13 -41 0 -16 4 -26 13 50 -40 -27 0 40 15 0 0 8 46 48 -15 -9 0 0 0 32 4 12 50 -3 42 -46 0 -5 0 1 29 18 0 -50 0 38 6 -39 
0 0 -31 -19 32 -28 47 -34 -36 31 10 -24 -21 0 -41 -28 4 -20 29 0 31 -44 21 1 18 -39 0 0 -38 -25 -11 0 -24 10 4 29 18 0 0 0 38 -4 0 30 -5 16 -35 43 29 0 27 -37 0 41 -15 28 -10 -28 0 -30 
-35 -12 7 41 34 42 46 -48 37 47 24 45 4 0 3 5 -13 6 5 -16 -44 -7 0 0 -18 25 -3 33 0 0 -32 -20 19 47 -20 0 0 0 0 0 -11 -50 0 -18 0 0 18 -15 -15 -44 8 0 -1 0 -41 -12 7 -25 0 32 
0 13 -7 44 36 38 43 0 -44 9 -7 0 44 -32 0 0 27 -32 16 4 21 0 42 0 0 -29 -23 0 -14 -8 -5 -33 45 -43 0 36 38 27 -27 -34 0 0 -11 -17 0 -19 39 4 -20 16 -47 22 15 0 0 23 9 0 -23 25 
20 -45 -14 -24 -21 0 0 0 28 25 35 32 35 -36 21 -27 20 -44 0 -26 1 0 0 -40 27 3 3 24 0 -28 34 0 0 19 27 43 -35 -7 31 -29 23 0 0 -39 49 0 0 -1 0 0 -46 23 24 7 0 0 -11 1 47 0 
-21 -26 0 -50 20 0 0 -30 -4 -7 -42 0 -3 44 -32 0 -22 -6 -14 13 18 -18 0 27 15 0 -14 44 45 20 -35 -40 0 0 -30 -22 -45 -9 0 -19 0 -16 0 0 0 8 -12 15 47 -4 0 17 0 0 0 -38 8 46 -15 -48 
-50 -42 49 0 0 -4 -16 0 0 0 8 -12 -31 -37 -17 -12 40 -18 0 50 -39 25 -29 3 0 -39 41 0 -43 -6 0 0 3 0 0 0 0 26 19 8 -38 39 7 17 29 4 -16 7 -1 -29 0 -8 0 43 0 -34 0 -45 6 -3 
-36 0 12 28 -18 -39 3 0 -21 -27 0 0 -5 9 -27 18 5 30 -3 -40 0 -3 -23 3 -14 41 20 32 0 -33 -26 -33 -32 34 41 -28 -28 0 0 0 -24 39 29 0 -20 -15 0 0 -50 0 19 37 24 1 0 -11 -29 0 14 23 
-22 33 0 0 -16 49 21 -26 -21 32 0 -33 -8 11 -41 -30 -34 -1 0 -27 0 33 0 24 44 0 32 10 -32 0 -16 -10 -32 -41 0 18 26 0 8 -35 11 -17 -17 -32 -2 -10 43 -21 -44 38 11 -13 0 0 -33 -40 -15 1 -2 -14 
10 0 0 -43 0 30 41 -19 0 -29 -9 42 46 -3 0 0 -3 0 -6 0 -38 0 -14 0 45 -43 0 -32 0 0 -22 13 -45 29 21 -35 -35 -44 43 -31 37 -14 22 30 27 0 -29 -42 33 13 -45 0 -12 -20 0 0 -29 0 17 0 
45 -13 41 0 -13 0 0 21 0 15 10 -38 -5 20 0 -42 -28 9 -9 40 -25 0 -8 -28 20 -6 -33 0 0 -36 -3 -23 -31 -37 14 2 -42 0 -37 0 31 16 -31 34 47 -23 17 -17 35 0 0 -8 25 0 25 17 0 43 -27 3 
-7 22 9 0 0 -43 39 0 24 -23 -22 -30 -5 -49 -47 -42 42 0 -16 15 -11 -32 -5 34 -35 0 -26 -16 -22 -3 -44 0 4 26 -28 42 0 -37 -22 14 0 -7 0 0 21 -15 14 25 -15 0 0 24 0 0 41 -33 33 30 0 44 
13 -48 17 -44 -14 -46 -22 -50 -49 41 14 43 -30 0 -37 -20 0 15 0 0 0 -20 -33 0 -40 0 -33 -10 13 -23 0 -16 15 17 -1 12 -10 9 -20 -32 32 -9 33 40 34 0 0 45 0 0 6 -29 41 -46 13 43 -26 -5 9 -49 
0 42 42 -4 40 -10 42 0 17 11 0 0 7 0 -25 13 -12 13 0 0 -24 19 45 0 0 3 -32 -32 -45 -31 4 15 0 -43 0 20 0 21 -5 10 0 32 14 -12 -47 47 -45 -36 27 16 -40 14 6 -5 -6 41 -39 -49 -3 15 
49 10 18 0 0 7 32 0 8 -23 -31 0 0 -36 -34 -32 12 19 13 8 10 47 -43 19 0 0 34 -41 29 -37 26 17 -43 -1 0 -43 0 -49 2 17 -17 0 -37 0 18 -3 -19 40 -5 24 37 24 7 9 38 10 -48 35 21 28 
0 34 22 0 -5 28 8 -2 13 -30 0 48 -28 -18 0 7 -33 -21 0 46 4 -20 0 27 -30 0 41 0 21 14 -28 -1 0 0 -23 0 0 0 0 -28 -20 8 27 -41 0 7 -6 0 14 -28 -1 46 0 -1 -3 -8 -25 -20 0 32 
-16 0 -46 44 0 0 0 40 38 -45 0 -6 -22 -1 0 41 0 -8 -25 48 29 0 36 43 -22 0 -28 18 -35 2 42 12 20 -43 0 -1 0 -16 28 22 -10 -7 0 -17 8 4 -41 47 0 -45 18 0 6 -38 38 -22 11 0 14 -24 
-32 -24 -25 0 -40 -5 48 -32 0 47 -43 48 -2 0 30 -19 48 -22 0 -15 18 0 38 -35 -45 0 -28 26 -35 -42 0 -10 0 0 0 0 0 39 23 40 -39 23 2 25 33 -25 -38 20 50 23 -10 49 0 42 47 20 -10 0 -2 15 
14 -9 48 42 0 42 22 25 26 38 36 0 -39 0 0 14 -45 0 -44 -9 0 0 27 -7 -9 26 0 0 -44 0 -37 9 21 -49 0 -16 39 0 0 47 -36 18 41 -48 -33 4 10 0 -36 -12 -28 0 15 25 0 -17 -6 48 -26 4 
-34 0 -4 50 0 0 0 6 -30 35 0 0 -42 -35 -22 -35 -13 48 -21 0 0 0 -27 31 0 19 0 8 43 -37 -22 -20 -5 2 0 28 23 0 0 49 -40 9 18 0 -3 47 -21 0 -32 -8 0 -3 36 47 -13 -49 -18 -14 -10 0 
23 -10 -48 -26 20 -10 0 27 -45 0 -16 0 45 -31 49 23 1 0 -46 0 0 0 -34 -29 -19 8 0 -35 -31 0 14 -32 10 17 -28 22 40 47 49 -31 4 -10 -32 0 45 0 -24 -29 0 0 22 22 11 6 49 -45 40 20 22 -24 
-39 -50 0 -20 0 0 -43 0 40 -48 29 0 0 32 5 22 -40 -7 -14 0 38 -11 0 23 0 -38 -24 11 37 31 0 32 0 -17 -20 -10 -39 -36 -40 4 -25 0 36 31 -34 -22 -6 0 39 24 0 -50 -13 0 31 39 19 0 0 0 
-23 31 0 -30 -13 -27 0 0 -46 0 -45 -35 0 25 -43 11 34 11 25 32 -4 -50 0 0 -16 39 39 -17 -14 16 -7 -9 32 0 8 -7 23 18 9 -10 0 0 46 -2 21 19 35 0 2 44 45 -7 3 0 36 49 6 -41 12 -6 
19 0 -37 34 -26 0 -22 24 48 -44 -10 -11 50 35 8 4 0 15 0 4 0 0 -11 0 0 7 29 -17 22 -31 0 33 14 -37 27 0 2 41 18 -32 36 46 39 0 -40 -43 39 -40 27 46 6 46 8 -27 0 0 0 33 -36 0 
0 -20 -16 -48 -32 0 0 22 37 44 -40 -9 2 0 -38 35 3 4 -37 12 30 -18 -17 -39 0 17 0 -32 30 34 0 40 -12 0 -41 -17 25 -48 0 0 31 -2 0 -8 -25 5 -9 0 0 -50 -37 -23 11 41 -30 15 41 0 -21 -49 
-3 -31 -11 0 0 26 -13 43 29 0 -13 0 -15 -6 0 2 -40 21 0 50 -5 0 0 49 0 29 -20 -2 27 47 21 34 -47 18 0 8 33 -33 -3 45 -34 21 -40 -25 14 -39 0 0 -8 -33 0 0 -24 -20 44 -37 -21 0 0 -22 
-29 37 16 46 -19 0 -12 0 -39 45 0 37 -10 -37 2 13 14 0 47 -3 16 0 -19 0 8 4 -15 -10 0 -23 -15 0 47 -3 7 4 -25 4 47 0 -22 19 -43 5 -39 0 17 -50 -46 -48 -41 -43 24 0 -50 -47 0 -9 4 -39 
-50 -46 -8 44 36 0 -41 -47 0 22 -18 -28 -15 21 -27 -6 1 -31 6 42 -35 18 39 0 -12 -16 0 43 -29 17 14 0 -45 -19 -6 -41 -38 10 -21 -24 -6 35 39 -9 0 17 0 45 4 46 -41 15 -37 0 -11 0 -15 32 0 0 
-3 -39 -40 0 0 39 0 0 19 36 0 0 -26 0 -39 -25 31 6 0 -46 43 -15 4 -1 15 7 0 -21 -42 -17 25 45 -36 40 0 47 20 0 0 -29 0 0 -40 0 0 -50 45 -24 -24 9 -11 15 37 -36 45 -6 -28 25 30 -19 
-8 34 0 -48 10 -44 -18 -42 29 -46 -25 -13 0 0 -45 -1 0 0 12 0 29 -15 -20 0 47 -1 -50 -44 33 35 -15 0 27 -5 14 0 50 -36 -32 0 39 2 27 0 -8 -46 4 -24 26 22 -26 0 6 0 -40 0 4 39 47 -18 
37 -42 0 25 0 29 28 0 -37 3 0 -48 0 19 43 12 0 0 0 -5 0 -44 16 0 -4 -29 0 38 13 0 0 0 16 24 -28 -45 23 -12 -8 0 24 44 46 -50 -33 -48 46 9 22 22 45 40 34 38 2 28 -11 6 0 21 
0 -37 20 0 19 -31 0 0 0 -8 0 0 -47 2 26 -14 45 17 0 0 27 8 -47 -46 0 0 19 11 -45 0 0 6 -40 37 -1 18 -10 -28 0 22 0 45 6 -37 0 -41 -41 -11 -26 45 0 0 -8 7 48 6 50 1 0 -40 
-3 39 -7 -37 -32 0 19 -10 17 -38 7 28 23 -44 0 3 -43 0 -45 1 -37 0 22 23 17 -8 37 -13 0 -8 24 -29 14 24 46 0 49 0 -3 22 -50 -7 46 -23 0 -43 15 15 0 40 0 0 -20 17 -24 0 0 -30 -46 39 
19 0 -37 0 -41 -16 -8 -22 0 -2 41 -5 0 -48 11 0 45 -2 50 29 0 -1 15 24 0 0 24 0 -12 25 0 41 6 7 0 6 0 15 36 11 -13 3 8 11 -24 24 -37 37 6 34 -8 -20 0 0 32 0 0 29 -7 -27 
0 -29 43 37 -26 42 33 30 44 0 3 0 -32 33 17 38 40 0 43 18 41 0 0 7 0 43 1 0 -20 0 0 -46 -5 9 -1 -38 42 25 47 6 0 0 -27 41 -20 0 0 -36 0 38 7 17 0 -49 -8 -30 20 19 20 -18 
18 39 -26 44 -49 -12 -46 18 0 14 20 17 7 20 39 -13 10 16 26 0 -15 -41 0 0 0 0 0 -33 0 25 41 13 -6 38 -3 38 47 0 -13 49 31 36 0 -30 44 -50 -11 45 -40 2 48 -24 32 -8 0 49 -7 0 1 7 
-50 -47 -36 0 17 0 0 0 45 -12 14 -11 -16 -2 -47 0 37 -1 -28 -50 28 -12 23 0 -38 -34 -11 -40 0 17 -33 43 41 10 -8 -22 20 -17 -49 -45 39 49 0 15 -37 -47 0 -6 0 28 6 0 0 -30 49 0 -21 -11 0 0 
0 0 50 7 0 0 15 0 -49 19 25 -11 24 -22 -10 40 -46 -32 48 0 -10 7 9 -11 8 0 -29 -15 -29 0 33 -26 -39 -48 -25 11 -10 -6 -18 40 19 6 0 41 -21 0 -15 -28 4 -11 50 0 0 20 -7 -21 0 36 50 42 
34 -10 0 -43 24 3 -27 0 48 0 50 0 36 36 -3 -9 -18 9 0 38 -28 -25 0 1 46 -45 0 1 0 43 30 -5 -49 35 -20 0 0 48 -14 20 0 -41 33 0 0 -9 32 25 39 6 1 -30 29 19 0 -11 36 30 -31 -22 
-28 -24 8 -34 2 34 -6 0 5 -37 -23 31 14 29 -13 49 -20 0 23 6 0 0 -23 47 -15 6 14 -2 17 -27 0 9 -3 21 0 14 -2 -26 -10 22 0 12 -36 -21 0 4 0 30 47 0 0 -46 -7 20 1 0 50 -31 -20 49 
7 -42 -11 0 29 0 0 0 46 0 29 -43 -47 -1 0 -3 0 14 9 -39 -30 32 25 0 -48 -3 23 -14 0 3 44 -49 15 28 32 -24 15 4 0 -24 0 -6 0 -49 -22 -39 0 -19 -18 21 -40 39 -27 -18 7 0 42 -22 49 -19 
