30
-36  22  20  19  -25  19  -28  -8  -13  -15  -45  13  21  11  15  -33  -35  1  38  -32  -4  -7  0  -34  -16  -24  35  30  -7  11  
22 -20 -16 38 0 -47 0 -21 -45 39 -50 0 31 0 0 47 -7 17 0 2 48 21 46 36 0 -50 -10 0 29 -49 
-20 -41 4 17 0 38 25 -49 17 25 -18 0 37 -1 14 -38 0 -12 31 0 50 45 0 19 -47 36 23 36 16 7 
-16 4 19 6 19 -8 0 -29 45 -23 39 -38 6 33 43 1 40 -10 0 -18 3 -24 0 13 -44 0 15 -10 -7 0 
38 17 6 -30 0 0 -22 -1 41 0 41 -48 -44 -49 -44 45 -32 12 7 0 -15 -7 0 -50 -13 18 0 0 0 29 
0 0 19 0 0 19 0 7 -36 47 -49 -26 -46 -1 27 0 0 48 -3 0 -34 14 -35 -19 0 -23 10 49 27 28 
-47 38 -8 0 19 19 -5 9 0 12 0 0 -28 7 0 -33 -45 -30 -28 37 -47 0 12 42 48 17 14 -50 0 15 
0 25 0 -22 0 -5 0 -40 -34 45 50 5 6 49 0 -37 18 -16 -19 0 37 27 0 -26 0 36 -21 0 0 -18 
-21 -49 -29 -1 7 9 -40 20 0 8 -37 0 -43 -12 -27 0 0 0 0 0 19 35 0 44 0 25 45 0 7 -9 
-45 17 45 41 -36 0 -34 0 25 -27 0 -22 0 25 45 44 48 0 0 0 -6 33 23 0 17 28 29 2 0 -9 
39 25 -23 0 47 12 45 8 -27 0 -44 47 -30 -24 0 38 48 0 -39 15 49 -36 0 0 -49 31 34 28 -31 0 
-50 -18 39 41 -49 0 50 -37 0 -44 0 -49 25 -13 42 0 33 -23 0 11 -25 -49 -25 0 -1 -29 -11 27 0 49 
0 0 -38 -48 -26 0 5 0 -22 47 -49 0 8 -29 -11 0 13 36 -29 0 25 -4 -38 -42 -3 0 -42 0 20 -13 
31 37 6 -44 -46 -28 6 -43 0 -30 25 8 0 0 11 5 9 31 36 27 -45 -48 0 -19 -37 24 0 -10 45 0 
0 -1 33 -49 -1 7 49 -12 25 -24 -13 -29 0 -24 43 0 0 24 12 -24 -29 0 -24 11 26 -28 3 -50 34 -25 
0 14 43 -44 27 0 0 -27 45 0 42 -11 11 43 0 -1 0 27 -40 13 0 25 0 32 49 -30 -37 0 49 0 
47 -38 1 45 0 -33 -37 0 44 38 0 0 5 0 -1 -49 0 -3 -2 30 -48 -5 49 20 -16 -12 -43 0 -18 -14 
-7 0 40 -32 0 -45 18 0 48 48 33 13 9 0 0 0 37 -44 12 29 35 -3 3 7 26 -39 -24 -38 0 20 
17 -12 -10 12 48 -30 -16 0 0 0 -23 36 31 24 27 -3 -44 -42 16 0 25 0 41 -45 -38 30 -40 -20 33 31 
0 31 0 7 -3 -28 -19 0 0 -39 0 -29 36 12 -40 -2 12 16 25 -36 4 41 -7 17 0 -27 0 0 0 4 
2 0 -18 0 0 37 0 0 0 15 11 0 27 -24 13 30 29 0 -36 0 0 28 44 2 27 42 49 -22 -25 36 
48 50 3 -15 -34 -47 37 19 -6 49 -25 25 -45 -29 0 -48 35 25 4 0 0 12 22 7 -48 5 7 -21 0 0 
21 45 -24 -7 14 0 27 35 33 -36 -49 -4 -48 0 25 -5 -3 0 41 28 12 4 0 0 31 34 29 -18 -37 9 
46 0 0 0 -35 12 0 0 23 0 -25 -38 0 -24 0 49 3 41 -7 44 22 0 2 0 17 43 3 -6 0 0 
36 19 13 -50 -19 42 -26 44 0 0 0 -42 -19 11 32 20 7 -45 17 2 7 0 0 48 -5 -2 -35 0 0 43 
0 -47 -44 -13 0 48 0 0 17 -49 -1 -3 -37 26 49 -16 26 -38 0 27 -48 31 17 -5 0 48 -29 -16 36 11 
-50 36 0 18 -23 17 36 25 28 31 -29 0 24 -28 -30 -12 -39 30 -27 42 5 34 43 -2 48 -30 0 -28 19 -27 
-10 23 15 0 10 14 -21 45 29 34 -11 -42 0 3 -37 -43 -24 -40 0 49 7 29 3 -35 -29 0 -33 -19 1 -8 
0 36 -10 0 49 -50 0 0 2 28 27 0 -10 -50 0 0 -38 -20 0 -22 -21 -18 -6 0 -16 -28 -19 38 47 0 
29 16 -7 0 27 0 0 7 0 -31 0 20 45 34 49 -18 0 33 0 -25 0 -37 0 0 36 19 1 47 -40 28 
-49 7 0 29 28 15 -18 -9 -9 0 49 -13 0 -25 0 -14 20 31 4 36 0 9 0 43 11 -27 -8 0 28 -16 
