30
-43  -8  -48  -21  0  47  -39  17  0  28  -36  -42  -10  30  -31  27  -21  -29  -49  -10  -12  16  -43  -35  -49  -39  15  -10  -18  6  
22 -20 -16 38 47 -8 29 -36 31 45 -37 -49 8 -44 47 40 -7 -28 36 8 -43 -24 -32 -4 30 -40 -18 19 -16 -30 
-20 -41 4 17 19 3 -5 20 -34 8 20 -27 35 31 -38 -32 18 -19 15 -30 -44 -19 -26 -19 -27 -40 -6 1 -33 -40 
-16 4 19 6 40 -19 -21 -9 -15 -27 26 -11 -1 14 1 11 -7 41 11 -24 -39 -24 -15 18 42 -33 -7 47 -36 -46 
38 17 6 -30 -47 34 -37 -9 23 7 43 25 33 43 45 -8 30 -39 -47 -4 26 -19 -27 -37 5 -46 18 -40 20 -44 
47 19 40 -47 38 25 18 4 12 12 -38 -37 -49 -44 -49 42 41 0 23 1 25 -13 0 2 34 -31 -3 -49 -25 17 
-8 3 -19 34 25 25 -24 2 -15 3 -48 -38 -1 27 -17 48 -23 -29 -25 30 -5 1 -33 -49 43 24 13 7 -28 -31 
29 -5 -21 -37 18 -24 -45 9 40 -14 -26 -40 7 44 31 48 36 36 -16 -48 -3 -47 50 19 -2 5 -5 1 -13 -16 
-36 20 -9 -9 4 2 9 -37 47 12 4 22 49 -27 44 33 31 12 -5 35 -10 39 10 42 48 26 -4 20 -45 -1 
31 -34 -15 23 12 -15 40 47 12 43 35 -49 -12 45 38 13 24 -40 50 25 -47 2 41 -50 -30 -33 -37 -9 21 -48 
45 8 -27 7 12 3 -14 12 43 50 -22 47 25 6 41 9 27 -2 -36 4 -38 36 -47 36 -10 -49 41 -32 15 -15 
-37 20 26 43 -38 -48 -26 4 35 -22 47 -30 -24 14 5 36 -3 12 4 31 -49 19 -44 15 23 6 27 -33 -35 -7 
-49 -27 -11 25 -37 -38 -40 22 -49 47 -30 25 -13 -1 -22 20 -44 16 14 21 -50 13 -13 8 15 26 0 -26 38 -3 
8 35 -1 33 -49 -1 7 49 -12 25 -24 -13 -29 5 10 -18 -42 25 5 45 41 -50 -34 6 -29 49 -44 48 -4 -14 
-44 31 14 43 -44 27 44 -27 45 6 14 -1 5 42 9 -5 -32 2 -37 -24 42 -19 27 -15 25 -50 45 49 0 5 
47 -38 1 45 -49 -17 31 44 38 41 5 -22 10 9 31 -9 38 -48 -48 -7 -35 42 13 -31 10 36 -31 -13 -16 -15 
40 -32 11 -8 42 48 48 33 13 9 36 20 -18 -5 -9 -18 7 38 25 14 12 -26 -2 -21 23 2 -25 12 35 42 
-7 18 -7 30 41 -23 36 31 24 27 -3 -44 -42 -32 38 7 -3 4 -13 20 49 44 -15 -7 -8 28 4 30 -7 46 
-28 -19 41 -39 0 -29 36 12 -40 -2 12 16 25 2 -48 38 4 45 19 -16 23 35 23 -15 -45 27 13 -14 -36 -12 
36 15 11 -47 23 -25 -16 -5 50 -36 4 14 5 -37 -48 25 -13 19 -31 -7 -10 -27 -4 27 -31 11 -50 20 -21 -45 
8 -30 -24 -4 1 30 -48 35 25 4 31 21 45 -24 -7 14 20 -16 -7 13 -33 -28 -49 24 -20 20 -43 31 17 -47 
-43 -44 -39 26 25 -5 -3 -10 -47 -38 -49 -50 41 42 -35 12 49 23 -10 -33 32 -33 -18 -28 41 28 45 4 -38 -32 
-24 -19 -24 -19 -13 1 -47 39 2 36 19 13 -50 -19 42 -26 44 35 -27 -28 -33 -9 -28 -30 3 -26 33 36 49 49 
-32 -26 -15 -27 0 -33 50 10 41 -47 -44 -13 -34 27 13 -2 -15 23 -4 -49 -18 -28 2 -12 -37 -28 -6 -32 15 -5 
-4 -19 18 -37 2 -49 19 42 -50 36 15 8 6 -15 -31 -21 -7 -15 27 24 -28 -30 -12 -39 -43 39 31 40 14 28 
30 -27 42 5 34 43 -2 48 -30 -10 23 15 -29 25 10 23 -8 -45 -31 -20 41 3 -37 -43 -24 -22 -37 43 -3 3 
-40 -40 -33 -46 -31 24 5 26 -33 -49 6 26 49 -50 36 2 28 27 11 20 28 -26 -28 39 -22 -21 40 11 10 -13 
-18 -6 -7 18 -3 13 -5 -4 -37 41 27 0 -44 45 -31 -25 4 13 -50 -43 45 33 -6 31 -37 40 36 -27 25 23 
19 1 47 -40 -49 7 1 20 -9 -32 -33 -26 48 49 -13 12 30 -14 20 31 4 36 -32 40 43 11 -27 -8 43 -5 
-16 -33 -36 20 -25 -28 -13 -45 21 15 -35 38 -4 0 -16 35 -7 -36 -21 17 -38 49 15 14 -3 10 25 43 50 3 
-30 -40 -46 -44 17 -31 -16 -1 -48 -15 -7 -3 -14 5 -15 42 46 -12 -45 -47 -32 49 -5 28 3 -13 23 -5 3 -23 
