40
-28  -36  -30  40  38  20  -3  33  0  -14  -23  43  -11  -1  -25  39  -12  -20  22  -31  -39  34  25  9  -26  12  14  -17  -44  38  -4  27  -25  9  -7  -12  -38  -26  -42  -20  
22 -20 -16 38 0 -47 19 0 0 0 -23 3 0 31 8 -44 0 44 48 30 -3 0 0 0 28 22 0 0 0 0 -38 -18 -14 11 0 -18 0 -21 -20 37 
-20 -41 4 17 0 38 0 -21 -9 -36 0 0 0 37 0 13 0 0 48 0 -28 0 0 0 12 0 0 -48 -27 -14 -20 0 20 1 -26 0 -37 0 50 0 
-16 4 19 6 19 -8 25 -49 0 0 47 41 -48 0 0 26 0 0 0 0 0 0 0 0 4 2 0 0 42 29 0 33 31 36 0 0 -17 -44 0 0 
38 17 6 -30 0 0 0 0 -45 -34 0 0 -48 0 -1 -24 0 0 0 0 42 0 0 0 46 36 0 0 0 49 0 0 4 0 46 0 11 0 43 3 
0 0 19 0 0 0 0 -24 0 0 0 43 36 -44 0 0 -1 0 0 -25 0 0 -15 21 0 0 0 17 0 7 -37 -25 36 0 0 0 0 33 0 0 
-47 38 -8 0 0 0 29 -45 0 25 45 0 0 -46 0 14 0 5 0 0 -39 0 -34 45 0 0 0 0 34 29 12 0 0 -3 50 0 0 0 9 37 
19 0 25 0 0 29 -5 0 0 0 8 0 0 -28 -49 0 0 0 9 0 0 0 0 -24 0 13 -41 42 43 3 -4 -37 9 0 2 -43 35 10 -20 0 
0 -21 -49 0 -24 -45 0 9 0 0 -27 -37 0 0 -1 0 0 -1 0 0 0 15 -13 -7 -35 -50 -5 0 0 0 33 0 0 0 7 -15 -49 0 -26 18 
0 -9 0 -45 0 0 0 0 0 0 0 0 -22 0 0 -44 0 0 0 0 -25 0 0 14 12 0 48 -2 -38 5 -16 0 43 0 13 0 0 0 0 0 
0 -36 0 -34 0 25 0 0 0 0 0 0 0 -43 0 0 47 9 0 0 0 0 0 0 0 2 48 0 0 26 0 36 11 14 0 4 0 0 0 38 
-23 0 47 0 0 45 8 -27 0 0 12 26 0 0 49 0 -38 31 0 0 12 0 0 0 0 0 0 0 -30 0 -3 19 0 0 0 0 0 39 48 35 
3 0 41 0 43 0 0 -37 0 0 26 0 0 0 0 0 1 40 0 0 -40 27 -6 0 0 -26 0 0 -10 37 13 1 -49 -7 21 38 0 0 0 0 
0 0 -48 -48 36 0 0 0 -22 0 0 0 30 -25 5 0 45 0 17 0 0 0 0 35 0 44 0 0 23 36 0 47 44 0 0 -23 -27 -28 0 -35 
31 37 0 0 -44 -46 -28 0 0 -43 0 0 -25 0 0 -27 0 29 -12 -16 -35 -25 0 33 0 0 0 0 15 0 29 -40 28 0 3 5 -8 0 0 0 
8 0 0 -1 0 0 -49 -1 0 0 49 0 5 0 0 0 -33 0 -10 -12 0 0 -25 0 -25 0 -49 6 0 26 16 -49 -16 0 -13 17 0 -37 -2 0 
-44 13 26 -24 0 14 0 0 -44 0 0 0 0 -27 0 0 -37 -8 12 49 0 30 25 -43 -38 0 -1 0 10 0 -7 0 22 0 23 -41 -3 35 17 0 
0 0 0 0 -1 0 0 0 0 47 -38 1 45 0 -33 -37 0 0 48 31 0 29 -45 -44 0 -42 0 36 0 0 0 0 0 0 -5 0 28 0 21 0 
44 0 0 0 0 5 0 -1 0 9 31 40 0 29 0 -8 0 0 0 0 25 0 0 -39 -24 -19 -4 25 0 -50 0 0 0 50 0 -12 0 0 0 0 
48 48 0 0 0 0 9 0 0 0 0 0 17 -12 -10 12 48 0 -7 0 2 -36 30 26 0 11 -49 28 0 0 0 0 19 -30 0 0 -1 10 0 0 
30 0 0 0 -25 0 0 0 0 0 0 0 0 -16 -12 49 31 0 0 0 0 0 -48 25 49 32 0 31 23 0 0 0 -8 -40 -23 0 46 0 0 -7 
-3 -28 0 42 0 -39 0 0 -25 0 12 -40 0 -35 0 0 0 25 2 0 -18 0 0 -5 3 20 49 -29 0 0 35 0 -15 0 -8 38 0 0 26 50 
0 0 0 0 0 0 0 15 0 0 0 27 0 -25 0 30 29 0 -36 0 0 0 0 -3 41 7 -16 0 29 0 7 0 13 -22 -21 0 0 25 0 50 
0 0 0 0 -15 -34 0 -13 0 0 0 -6 0 0 -25 25 -45 0 30 -48 0 0 25 0 -7 -45 0 24 34 0 0 15 0 21 0 0 0 0 0 0 
0 0 0 0 21 45 -24 -7 14 0 0 0 35 33 0 -43 -44 -39 26 25 -5 -3 0 41 0 17 0 0 -11 0 0 -18 0 0 0 3 40 0 -33 -43 
28 12 4 46 0 0 0 -35 12 0 0 0 0 0 -25 -38 0 -24 0 49 3 41 -7 0 0 2 -38 -29 -42 27 35 -9 0 -31 17 6 -27 26 -18 -38 
22 0 2 36 0 0 13 -50 0 2 0 -26 44 0 0 0 -42 -19 11 32 20 7 -45 17 2 7 0 -36 0 0 20 -9 -35 0 28 0 0 -17 0 0 
0 0 0 0 0 0 -41 -5 48 48 0 0 0 0 -49 -1 0 -4 -49 0 49 -16 0 0 -38 0 0 -48 3 0 0 0 0 30 -42 17 0 0 0 50 
0 -48 0 0 17 0 42 0 -2 0 0 0 0 0 6 0 36 25 28 31 -29 0 24 0 -29 -36 -48 18 -37 20 0 49 0 3 30 28 37 0 0 0 
0 -27 42 0 0 34 43 0 -38 0 -30 -10 23 15 0 10 0 0 0 23 0 29 34 -11 -42 0 3 -37 -43 28 0 0 -4 15 27 39 0 0 -40 -11 
0 -14 29 49 7 29 3 0 5 26 0 37 36 0 26 0 0 -50 0 0 0 0 0 0 27 0 0 20 28 0 0 36 0 -27 -29 0 0 0 -13 6 
-38 -20 0 0 -37 12 -4 33 -16 0 -3 13 0 29 16 -7 0 0 0 0 35 7 0 0 35 20 0 0 0 0 49 0 -16 -12 -10 0 0 0 32 0 
-18 0 33 0 -25 0 -37 0 0 36 19 1 47 -40 -49 0 0 0 0 0 0 0 15 -18 -9 -9 0 49 0 36 0 30 35 48 16 -29 10 0 0 -8 
-14 20 31 4 36 0 9 0 43 11 0 -49 44 28 -16 22 0 0 19 -8 -15 13 0 0 0 -35 0 0 -4 0 -16 35 0 28 -35 -18 0 -38 0 41 
11 1 36 0 0 -3 0 0 0 14 0 -7 0 0 0 0 0 50 -30 -40 0 -22 21 0 -31 0 30 3 15 -27 -12 48 28 0 -39 20 -37 0 -42 32 
0 -26 0 46 0 50 2 7 13 0 0 21 0 3 -13 23 -5 0 0 -23 -8 -21 0 0 17 28 -42 30 27 -29 -10 16 -35 -39 0 0 0 -38 -4 19 
-18 0 0 0 0 0 -43 -15 0 4 0 38 -23 5 17 -41 0 -12 0 0 38 0 0 3 6 0 17 28 39 0 0 -29 -18 20 0 27 0 0 -48 48 
0 -37 -17 11 0 0 35 -49 0 0 0 0 -27 -8 0 -3 28 0 -1 46 0 0 0 40 -27 0 0 37 0 0 0 10 0 -37 0 0 0 -30 0 -32 
-21 0 -44 0 33 0 10 0 0 0 39 0 -28 0 -37 35 0 0 10 0 0 25 0 0 26 -17 0 0 0 0 0 0 -38 0 -38 0 -30 0 0 0 
-20 50 0 43 0 9 -20 -26 0 0 48 0 0 0 -2 17 21 0 0 0 26 0 0 -33 -18 0 0 0 -40 -13 32 0 0 -42 -4 -48 0 0 35 0 
37 0 0 3 0 37 0 18 0 38 35 0 -35 0 0 0 0 0 0 -7 50 50 0 -43 -38 0 50 0 -11 6 0 -8 41 32 19 48 -32 0 0 -50 
