50
-5  39  49  -12  -30  43  -21  22  -27  10  -18  -46  -48  -20  -4  -6  -6  0  -37  15  27  -6  -4  -38  -47  -26  -7  -39  -14  -3  4  24  3  -33  -19  -6  4  -8  -11  42  17  43  -33  17  -2  -18  -45  39  -50  33  
0 0 0 -30 0 0 0 0 0 0 0 0 0 0 0 0 0 -45 0 0 0 0 -37 0 0 0 0 0 3 0 0 0 0 0 2 0 0 0 0 0 0 0 0 0 0 0 0 -17 0 0 
0 0 0 -6 0 0 -11 15 0 0 -26 46 0 0 -45 0 -29 0 -23 0 0 0 -29 0 0 0 0 0 0 0 0 0 0 0 0 21 0 0 -32 15 0 0 0 0 0 0 0 0 48 0 
0 0 0 -4 0 0 0 0 0 0 0 0 0 0 46 -19 0 0 0 20 0 0 2 5 0 0 0 0 0 0 0 0 -9 -46 0 0 0 0 0 0 0 -30 0 0 50 0 0 0 0 0 
-30 -6 -4 0 6 0 0 0 0 0 19 0 0 -33 0 0 0 0 -28 0 1 0 0 0 0 0 0 0 0 0 -24 -18 0 0 0 0 0 0 0 0 0 40 0 0 0 0 0 0 0 44 
0 0 0 6 0 5 0 -9 0 0 0 0 0 40 0 0 0 48 -2 0 0 26 0 0 0 0 0 0 0 0 15 0 0 0 0 -17 0 0 0 0 0 0 0 9 0 0 0 0 2 0 
0 0 0 0 5 0 0 0 0 0 0 0 -31 0 -24 38 0 0 -47 -8 0 3 0 0 0 0 0 35 0 0 -32 0 15 0 0 -49 0 -28 0 0 0 16 -36 0 0 49 0 0 0 0 
0 -11 0 0 0 0 0 0 -30 0 0 0 0 -9 0 0 0 0 0 -26 -25 -43 0 -46 41 0 0 0 0 0 -9 0 0 33 0 0 22 0 45 0 -25 0 -29 0 0 0 0 0 0 -33 
0 15 0 0 -9 0 0 0 0 0 0 0 0 -29 0 0 0 -2 18 0 0 0 0 -31 39 0 0 0 38 0 0 0 14 -33 0 0 0 -32 0 40 -17 0 0 46 0 13 49 -36 39 0 
0 0 0 0 0 0 -30 0 -2 0 -43 0 0 0 0 0 34 39 0 -21 0 0 0 0 0 0 20 0 18 0 0 0 0 1 0 0 0 0 0 0 15 0 0 -47 -25 0 0 0 35 0 
0 0 0 0 0 0 0 0 0 0 -35 0 0 0 37 -26 0 0 0 0 22 0 0 0 0 0 0 0 0 46 0 18 0 0 0 0 0 0 0 12 0 0 0 0 -21 0 0 0 0 0 
0 -26 0 19 0 0 0 0 -43 -35 -37 0 0 0 0 0 0 -43 0 0 0 0 0 0 0 0 0 0 3 48 -16 0 30 0 21 0 0 0 0 0 0 0 0 -18 0 0 22 44 0 0 
0 46 0 0 0 0 0 0 0 0 0 0 -1 0 0 0 47 0 0 0 0 0 0 0 0 0 0 1 0 49 24 0 0 0 0 0 0 0 16 42 0 0 26 0 0 -35 0 0 0 0 
0 0 0 0 0 -31 0 0 0 0 0 -1 0 0 20 0 0 -32 -6 0 0 13 0 -11 0 0 31 0 -26 0 12 -36 0 0 0 0 0 -6 0 0 0 0 0 0 0 5 -33 0 0 0 
0 0 0 -33 40 0 -9 -29 0 0 0 0 0 0 0 0 0 0 0 0 0 0 0 0 0 0 0 0 -34 0 0 0 0 0 24 0 0 0 0 0 0 0 0 0 0 0 41 0 0 -22 
0 -45 46 0 0 -24 0 0 0 37 0 0 20 0 0 0 0 0 0 0 0 0 4 0 0 0 0 0 -21 -6 0 0 25 0 0 47 0 0 0 0 0 -27 0 0 0 0 0 -25 0 0 
0 0 -19 0 0 38 0 0 0 -26 0 0 0 0 0 0 0 0 -28 0 0 0 0 0 0 -21 0 0 0 20 -25 28 0 0 0 29 0 0 0 41 0 0 0 49 0 0 0 0 21 38 
0 -29 0 0 0 0 0 0 34 0 0 47 0 0 0 0 0 0 0 33 0 0 -20 42 0 17 0 -27 0 0 -23 0 0 0 43 0 0 0 0 0 0 0 0 0 0 29 0 0 0 -2 
-45 0 0 0 48 0 0 -2 39 0 -43 0 -32 0 0 0 0 0 0 37 0 0 0 0 -14 0 0 -49 0 0 0 0 0 -14 0 0 0 0 0 0 0 0 0 0 0 0 0 0 0 0 
0 -23 0 -28 -2 -47 0 18 0 0 0 0 -6 0 0 -28 0 0 0 0 0 0 25 0 0 -48 29 0 0 0 0 0 0 0 0 0 -40 0 -34 0 0 0 0 37 0 0 0 0 40 0 
0 0 20 0 0 -8 -26 0 -21 0 0 0 0 0 0 0 33 37 0 0 0 0 0 -17 0 0 0 0 0 0 0 -40 42 0 0 0 0 0 0 0 0 3 0 0 0 0 0 -33 0 0 
0 0 0 1 0 0 -25 0 0 22 0 0 0 0 0 0 0 0 0 0 0 0 0 0 0 0 33 0 5 6 0 0 0 -43 0 0 0 28 0 -24 0 0 0 0 0 0 -36 0 37 0 
0 0 0 0 26 3 -43 0 0 0 0 0 13 0 0 0 0 0 0 0 0 -7 0 0 -1 0 0 0 -1 0 0 -8 0 0 6 -12 0 0 16 0 0 0 0 0 44 0 0 0 -11 0 
-37 -29 2 0 0 0 0 0 0 0 0 0 0 0 4 0 -20 0 25 0 0 0 0 16 0 -33 -33 0 0 0 0 0 22 0 0 0 0 0 0 0 0 0 0 0 0 -10 0 24 0 0 
0 0 5 0 0 0 -46 -31 0 0 0 0 -11 0 0 0 42 0 0 -17 0 0 16 10 0 0 0 0 0 0 0 0 0 0 0 47 31 43 0 0 0 0 0 0 0 0 0 -36 0 0 
0 0 0 0 0 0 41 39 0 0 0 0 0 0 0 0 0 -14 0 0 0 -1 0 0 0 0 29 0 0 0 0 0 0 29 1 0 0 0 0 0 -19 0 0 0 0 0 0 0 -27 0 
0 0 0 0 0 0 0 0 0 0 0 0 0 0 0 -21 17 0 -48 0 0 0 -33 0 0 0 0 0 0 35 23 0 0 0 0 0 0 0 0 0 0 0 0 0 0 -44 0 0 0 0 
0 0 0 0 0 0 0 0 20 0 0 0 31 0 0 0 0 0 29 0 33 0 -33 0 29 0 -7 0 0 0 0 14 0 -34 0 0 0 0 0 0 0 0 0 -9 35 -47 -11 -11 40 0 
0 0 0 0 0 35 0 0 0 0 0 1 0 0 0 0 -27 -49 0 0 0 0 0 0 0 0 0 34 0 33 0 0 0 0 0 0 47 0 0 -38 0 0 3 0 0 0 0 -38 0 0 
3 0 0 0 0 0 0 38 18 0 3 0 -26 -34 -21 0 0 0 0 0 5 -1 0 0 0 0 0 0 0 30 0 0 0 0 0 0 0 8 0 8 0 -40 0 0 -6 0 26 0 -32 0 
0 0 0 0 0 0 0 0 0 46 48 49 0 0 -6 20 0 0 0 0 6 0 0 0 0 35 0 33 30 0 0 0 0 0 0 0 -45 0 0 0 0 0 0 0 28 0 0 25 42 0 
0 0 0 -24 15 -32 -9 0 0 0 -16 24 12 0 0 -25 -23 0 0 0 0 0 0 0 0 23 0 0 0 0 0 0 0 0 0 0 0 0 0 -38 0 0 12 -2 0 0 0 0 0 42 
0 0 0 -18 0 0 0 0 0 18 0 0 -36 0 0 28 0 0 0 -40 0 -8 0 0 0 0 14 0 0 0 0 0 0 0 36 0 0 0 0 0 0 0 0 0 41 0 0 38 0 31 
0 0 -9 0 0 15 0 14 0 0 30 0 0 0 25 0 0 0 0 42 0 0 22 0 0 0 0 0 0 0 0 0 19 14 0 0 0 0 0 0 0 20 20 0 0 0 0 0 0 0 
0 0 -46 0 0 0 33 -33 1 0 0 0 0 0 0 0 0 -14 0 0 -43 0 0 0 29 0 -34 0 0 0 0 0 14 0 32 0 0 0 0 0 49 0 0 12 0 27 -31 -12 12 0 
2 0 0 0 0 0 0 0 0 0 21 0 0 24 0 0 43 0 0 0 0 6 0 0 1 0 0 0 0 0 0 36 0 32 0 0 0 0 25 0 -14 0 0 0 0 0 0 0 0 -33 
0 21 0 0 -17 -49 0 0 0 0 0 0 0 0 47 29 0 0 0 0 0 -12 0 47 0 0 0 0 0 0 0 0 0 0 0 0 0 40 0 0 0 0 0 0 16 0 0 0 44 -50 
0 0 0 0 0 0 22 0 0 0 0 0 0 0 0 0 0 0 -40 0 0 0 0 31 0 0 0 47 0 -45 0 0 0 0 0 0 0 0 0 0 0 10 13 -14 0 0 0 0 0 0 
0 0 0 0 0 -28 0 -32 0 0 0 0 -6 0 0 0 0 0 0 0 28 0 0 43 0 0 0 0 8 0 0 0 0 0 0 40 0 0 -24 0 0 -15 0 0 -20 0 14 0 0 -22 
0 -32 0 0 0 0 45 0 0 0 0 16 0 0 0 0 0 0 -34 0 0 16 0 0 0 0 0 0 0 0 0 0 0 0 25 0 0 -24 0 0 0 0 0 0 0 0 0 0 0 0 
0 15 0 0 0 0 0 40 0 12 0 42 0 0 0 41 0 0 0 0 -24 0 0 0 0 0 0 -38 8 0 -38 0 0 0 0 0 0 0 0 0 0 0 0 20 38 0 0 0 43 0 
0 0 0 0 0 0 -25 -17 15 0 0 0 0 0 0 0 0 0 0 0 0 0 0 0 -19 0 0 0 0 0 0 0 0 49 -14 0 0 0 0 0 0 0 0 0 0 0 4 0 0 0 
0 0 -30 40 0 16 0 0 0 0 0 0 0 0 -27 0 0 0 0 3 0 0 0 0 0 0 0 0 -40 0 0 0 20 0 0 0 10 -15 0 0 0 0 0 0 0 6 45 0 0 -46 
0 0 0 0 0 -36 -29 0 0 0 0 26 0 0 0 0 0 0 0 0 0 0 0 0 0 0 0 3 0 0 12 0 20 0 0 0 13 0 0 0 0 0 -2 0 0 0 0 0 -14 0 
0 0 0 0 9 0 0 46 -47 0 -18 0 0 0 0 49 0 0 37 0 0 0 0 0 0 0 -9 0 0 0 -2 0 0 12 0 0 -14 0 0 20 0 0 0 -11 0 0 0 0 28 0 
0 0 50 0 0 0 0 0 -25 -21 0 0 0 0 0 0 0 0 0 0 0 44 0 0 0 0 35 0 -6 28 0 41 0 0 0 16 0 -20 0 38 0 0 0 0 0 0 0 13 0 0 
0 0 0 0 0 49 0 13 0 0 0 -35 5 0 0 0 29 0 0 0 0 0 -10 0 0 -44 -47 0 0 0 0 0 0 27 0 0 0 0 0 0 0 6 0 0 0 0 0 0 -44 0 
0 0 0 0 0 0 0 49 0 0 22 0 -33 41 0 0 0 0 0 0 -36 0 0 0 0 0 -11 0 26 0 0 0 0 -31 0 0 0 14 0 0 4 45 0 0 0 0 0 0 0 0 
-17 0 0 0 0 0 0 -36 0 0 44 0 0 0 -25 0 0 0 0 -33 0 0 24 -36 0 0 -11 -38 0 25 0 38 0 -12 0 0 0 0 0 0 0 0 0 0 13 0 0 0 0 0 
0 48 0 0 2 0 0 39 35 0 0 0 0 0 0 21 0 0 40 0 37 -11 0 0 -27 0 40 0 -32 42 0 0 0 12 0 44 0 0 0 43 0 0 -14 28 0 -44 0 0 0 0 
0 0 0 44 0 0 -33 0 0 0 0 0 0 -22 0 38 -2 0 0 0 0 0 0 0 0 0 0 0 0 0 42 31 0 0 -33 -50 0 -22 0 0 0 -46 0 0 0 0 0 0 0 0 
