30
-26  -38  -28  -20  39  4  -22  -37  -21  12  -18  -4  -6  33  -7  -16  18  -28  -3  -19  13  38  -5  29  -4  16  -37  -7  41  11  
22 -20 -16 38 0 -47 19 0 0 0 -23 3 0 31 8 -44 0 44 48 30 -3 0 0 0 28 22 0 0 0 0 
-20 -41 4 17 0 38 0 -21 -9 -36 0 0 0 37 0 13 0 0 48 0 -28 0 0 0 12 0 0 -48 -27 -14 
-16 4 19 6 19 -8 25 -49 0 0 47 41 -48 0 0 26 0 0 0 0 0 0 0 0 4 2 0 0 42 29 
38 17 6 -30 0 0 0 0 -45 -34 0 0 -48 0 -1 -24 0 0 0 0 42 0 0 0 46 36 0 0 0 49 
0 0 19 0 0 0 0 -24 0 0 0 43 36 -44 0 0 -1 0 0 -25 0 0 -15 21 0 0 0 17 0 7 
-47 38 -8 0 0 0 29 -45 0 25 45 0 0 -46 0 14 0 5 0 0 -39 0 -34 45 0 0 0 0 34 29 
19 0 25 0 0 29 -5 0 0 0 8 0 0 -28 -49 0 0 0 9 0 0 0 0 -24 0 13 -41 42 43 3 
0 -21 -49 0 -24 -45 0 9 0 0 -27 -37 0 0 -1 0 0 -1 0 0 0 15 -13 -7 -35 -50 -5 0 0 0 
0 -9 0 -45 0 0 0 0 0 0 0 0 -22 0 0 -44 0 0 0 0 -25 0 0 14 12 0 48 -2 -38 5 
0 -36 0 -34 0 25 0 0 0 0 0 0 0 -43 0 0 47 9 0 0 0 0 0 0 0 2 48 0 0 26 
-23 0 47 0 0 45 8 -27 0 0 12 26 0 0 49 0 -38 31 0 0 12 0 0 0 0 0 0 0 -30 0 
3 0 41 0 43 0 0 -37 0 0 26 0 0 0 0 0 1 40 0 0 -40 27 -6 0 0 -26 0 0 -10 37 
0 0 -48 -48 36 0 0 0 -22 0 0 0 30 -25 5 0 45 0 17 0 0 0 0 35 0 44 0 0 23 36 
31 37 0 0 -44 -46 -28 0 0 -43 0 0 -25 0 0 -27 0 29 -12 -16 -35 -25 0 33 0 0 0 0 15 0 
8 0 0 -1 0 0 -49 -1 0 0 49 0 5 0 0 0 -33 0 -10 -12 0 0 -25 0 -25 0 -49 6 0 26 
-44 13 26 -24 0 14 0 0 -44 0 0 0 0 -27 0 0 -37 -8 12 49 0 30 25 -43 -38 0 -1 0 10 0 
0 0 0 0 -1 0 0 0 0 47 -38 1 45 0 -33 -37 0 0 48 31 0 29 -45 -44 0 -42 0 36 0 0 
44 0 0 0 0 5 0 -1 0 9 31 40 0 29 0 -8 0 0 0 0 25 0 0 -39 -24 -19 -4 25 0 -50 
48 48 0 0 0 0 9 0 0 0 0 0 17 -12 -10 12 48 0 -7 0 2 -36 30 26 0 11 -49 28 0 0 
30 0 0 0 -25 0 0 0 0 0 0 0 0 -16 -12 49 31 0 0 0 0 0 -48 25 49 32 0 31 23 0 
-3 -28 0 42 0 -39 0 0 -25 0 12 -40 0 -35 0 0 0 25 2 0 -18 0 0 -5 3 20 49 -29 0 0 
0 0 0 0 0 0 0 15 0 0 0 27 0 -25 0 30 29 0 -36 0 0 0 0 -3 41 7 -16 0 29 0 
0 0 0 0 -15 -34 0 -13 0 0 0 -6 0 0 -25 25 -45 0 30 -48 0 0 25 0 -7 -45 0 24 34 0 
0 0 0 0 21 45 -24 -7 14 0 0 0 35 33 0 -43 -44 -39 26 25 -5 -3 0 41 0 17 0 0 -11 0 
28 12 4 46 0 0 0 -35 12 0 0 0 0 0 -25 -38 0 -24 0 49 3 41 -7 0 0 2 -38 -29 -42 27 
22 0 2 36 0 0 13 -50 0 2 0 -26 44 0 0 0 -42 -19 11 32 20 7 -45 17 2 7 0 -36 0 0 
0 0 0 0 0 0 -41 -5 48 48 0 0 0 0 -49 -1 0 -4 -49 0 49 -16 0 0 -38 0 0 -48 3 0 
0 -48 0 0 17 0 42 0 -2 0 0 0 0 0 6 0 36 25 28 31 -29 0 24 0 -29 -36 -48 18 -37 20 
0 -27 42 0 0 34 43 0 -38 0 -30 -10 23 15 0 10 0 0 0 23 0 29 34 -11 -42 0 3 -37 -43 28 
0 -14 29 49 7 29 3 0 5 26 0 37 36 0 26 0 0 -50 0 0 0 0 0 0 27 0 0 20 28 0 
