30
-6  -7  -49  22  16  9  31  32  -29  -43  -13  39  28  -25  24  7  -23  22  -22  -16  -30  6  -5  13  -49  -10  -47  -20  -42  5  
-48 -7 12 1 1 -3 39 -48 49 -15 30 -23 30 3 43 0 49 49 23 -21 0 -35 0 20 -21 -50 -36 -22 10 45 
-7 -17 -24 29 -7 14 7 -44 0 48 -28 13 -27 -34 42 23 29 0 -25 -29 0 -12 13 -45 -26 -42 0 33 0 -13 
12 -24 3 0 -38 1 -6 0 -24 -19 0 -32 -42 21 0 0 0 0 0 -39 -31 7 -7 -14 0 49 12 0 0 41 
1 29 0 35 -28 30 0 0 34 24 -16 -22 -14 0 -28 -40 34 24 0 15 -19 41 44 -24 -50 0 28 0 -43 0 
1 -7 -38 -28 -28 -34 46 0 -12 -29 42 -22 -45 0 -8 -28 -38 0 47 38 32 34 36 -21 20 0 -18 -16 0 -13 
-3 14 1 30 -34 47 -42 27 30 15 4 5 -46 46 38 0 -21 0 0 11 -28 42 38 0 0 -4 -39 49 30 0 
39 7 -6 0 46 -42 35 -21 8 -33 33 0 17 -2 35 22 -42 0 -16 -18 47 46 43 0 0 -16 3 21 41 0 
-48 -44 0 0 0 27 -21 -14 16 0 -33 0 38 36 0 0 -7 -43 0 0 -34 -48 0 0 -30 0 0 -26 -19 21 
49 0 -24 34 -12 30 8 16 0 0 -1 -27 12 35 0 -27 -42 -15 3 0 -36 37 -44 28 -4 0 -21 -21 0 0 
-15 48 -19 24 -29 15 -33 0 0 37 20 -34 12 22 0 -9 -40 40 -25 0 31 47 9 25 -7 0 -27 32 -29 15 
30 -28 0 -16 42 4 33 -33 -1 20 -32 0 0 -48 -15 0 22 0 0 0 10 24 -7 35 -42 8 0 0 -9 10 
-23 13 -32 -22 -22 5 0 0 -27 -34 0 24 -30 0 37 -11 0 -4 -14 -1 -24 45 0 32 0 -12 0 -33 42 -38 
30 -27 -42 -14 -45 -46 17 38 12 12 0 -30 -6 16 0 0 0 -24 -25 0 -21 4 44 35 -3 -31 -5 -8 46 -5 
3 -34 21 0 0 46 -2 36 35 22 -48 0 16 -30 7 -32 -2 -6 -33 -26 0 0 -32 -36 44 -37 9 11 -3 20 
43 42 0 -28 -8 38 35 0 0 0 -15 37 0 7 0 0 6 40 -30 18 -41 3 0 21 -32 -17 -27 -41 0 0 
0 23 0 -40 -28 0 22 0 -27 -9 0 -11 0 -32 0 -24 1 -13 -41 -20 -28 5 0 -27 0 -12 18 -30 0 -42 
49 29 0 34 -38 -21 -42 -7 -42 -40 22 0 0 -2 6 1 34 -31 -43 0 4 -13 27 20 -22 40 5 -34 -3 -28 
49 0 0 24 0 0 0 -43 -15 40 0 -4 -24 -6 40 -13 -31 0 0 29 -20 6 -32 -44 -6 -18 30 -1 0 9 
23 -25 0 0 47 0 -16 0 3 -25 0 -14 -25 -33 -30 -41 -43 0 -4 13 29 5 16 0 -14 0 -3 0 -6 -9 
-21 -29 -39 15 38 11 -18 0 0 0 0 -1 0 -26 18 -20 0 29 13 -41 0 -16 4 -26 13 50 -40 -27 0 40 
0 0 -31 -19 32 -28 47 -34 -36 31 10 -24 -21 0 -41 -28 4 -20 29 0 31 -44 21 1 18 -39 0 0 -38 -25 
-35 -12 7 41 34 42 46 -48 37 47 24 45 4 0 3 5 -13 6 5 -16 -44 -7 0 0 -18 25 -3 33 0 0 
0 13 -7 44 36 38 43 0 -44 9 -7 0 44 -32 0 0 27 -32 16 4 21 0 42 0 0 -29 -23 0 -14 -8 
20 -45 -14 -24 -21 0 0 0 28 25 35 32 35 -36 21 -27 20 -44 0 -26 1 0 0 -40 27 3 3 24 0 -28 
-21 -26 0 -50 20 0 0 -30 -4 -7 -42 0 -3 44 -32 0 -22 -6 -14 13 18 -18 0 27 15 0 -14 44 45 20 
-50 -42 49 0 0 -4 -16 0 0 0 8 -12 -31 -37 -17 -12 40 -18 0 50 -39 25 -29 3 0 -39 41 0 -43 -6 
-36 0 12 28 -18 -39 3 0 -21 -27 0 0 -5 9 -27 18 5 30 -3 -40 0 -3 -23 3 -14 41 20 32 0 -33 
-22 33 0 0 -16 49 21 -26 -21 32 0 -33 -8 11 -41 -30 -34 -1 0 -27 0 33 0 24 44 0 32 10 -32 0 
10 0 0 -43 0 30 41 -19 0 -29 -9 42 46 -3 0 0 -3 0 -6 0 -38 0 -14 0 45 -43 0 -32 0 0 
45 -13 41 0 -13 0 0 21 0 15 10 -38 -5 20 0 -42 -28 9 -9 40 -25 0 -8 -28 20 -6 -33 0 0 -36 
