50
-19  11  10  38  -25  27  45  -50  -2  16  35  -32  36  -14  40  -48  -42  49  11  -8  -33  15  -47  -19  -18  11  15  35  43  16  8  -10  47  -35  40  -19  5  18  -27  -34  1  29  19  -38  40  -2  45  5  -42  -30  
0 0 -41 0 17 0 38 0 0 -9 0 0 0 0 31 8 0 0 0 0 0 0 0 15 0 0 28 0 7 0 25 15 36 0 0 0 0 25 0 0 0 0 0 0 -30 0 0 0 0 0 
0 -20 -16 0 0 0 -8 25 0 0 0 0 0 0 0 0 0 0 31 29 0 0 0 0 -13 -24 12 0 0 0 0 0 0 0 0 0 0 0 -8 17 0 0 48 0 0 0 27 0 0 0 
-41 -16 0 0 0 0 0 0 -49 0 43 0 0 0 0 0 -13 0 0 0 0 0 -25 0 0 -7 4 22 -27 0 0 10 0 -3 43 0 -4 0 -21 -41 0 0 0 0 0 0 0 0 0 -26 
0 0 0 38 -30 0 0 0 0 4 0 0 0 -48 0 -1 0 0 0 -8 0 0 0 0 0 14 46 0 0 -16 0 0 0 0 0 0 0 0 0 0 -27 -28 0 0 0 0 -23 -32 0 0 
17 0 0 -30 0 0 0 0 -24 0 0 0 0 -48 0 0 26 0 0 0 0 0 0 27 0 0 0 2 0 0 0 0 0 0 0 0 0 0 0 -12 -8 0 0 0 0 4 0 0 0 -42 
0 0 0 0 0 -47 0 0 0 0 0 45 0 36 -44 0 -24 0 0 0 0 0 0 0 -6 0 0 0 0 0 0 0 0 0 0 0 -16 15 17 0 0 -37 -2 38 0 0 0 0 0 0 
38 -8 0 0 0 0 0 -5 7 0 0 0 43 0 -46 -49 0 0 0 48 0 0 -40 0 0 0 0 0 7 0 27 0 0 0 0 0 0 0 0 0 -3 35 0 35 0 0 5 0 0 19 
0 25 0 0 0 0 -5 0 9 0 0 0 0 0 -28 -1 14 0 0 0 0 0 0 0 0 0 -35 0 0 -19 0 0 44 0 0 0 0 -7 0 38 28 0 0 0 0 0 0 0 0 -49 
0 0 -49 0 -24 0 7 9 0 0 0 0 0 0 0 0 0 0 0 0 0 -12 0 0 -25 0 12 0 0 0 0 0 0 0 0 0 0 0 -42 0 0 0 0 0 0 0 0 36 0 0 
-9 0 0 4 0 0 0 0 0 -36 0 41 -37 -22 0 0 0 0 0 0 0 49 12 0 0 0 0 0 0 0 0 0 0 0 0 0 0 0 0 0 -1 0 0 14 0 0 0 0 0 0 
0 0 43 0 0 0 0 0 0 0 0 0 0 0 -43 0 0 0 0 0 0 31 0 0 0 0 0 0 0 0 -29 0 0 -7 47 9 0 0 0 0 46 0 0 0 0 0 -23 0 44 0 
0 0 0 0 0 45 0 0 0 41 0 12 0 0 0 0 24 0 0 0 -7 0 0 0 0 0 0 0 0 -48 -36 34 0 0 0 0 1 0 27 0 0 0 0 0 0 0 0 -45 0 0 
0 0 0 0 0 0 43 0 0 -37 0 0 26 0 0 0 0 0 0 0 0 0 25 0 1 -43 0 8 0 0 0 -11 0 0 -36 0 0 0 0 0 0 0 0 0 0 0 0 -19 0 30 
0 0 0 -48 -48 36 0 0 0 -22 0 0 0 30 -25 0 0 -38 0 0 0 0 2 0 30 -44 0 0 -41 0 -39 0 0 0 22 0 0 0 -49 0 0 25 26 0 0 0 0 -21 44 0 
31 0 0 0 0 -44 -46 -28 0 0 -43 0 0 -25 0 0 0 1 9 0 0 -3 0 0 0 0 0 0 -5 17 0 41 0 0 0 0 0 0 0 0 0 0 0 0 0 0 0 0 0 0 
8 0 0 -1 0 0 -49 -1 0 0 0 0 0 0 0 0 -27 45 0 0 0 0 -18 41 9 -48 -33 0 0 0 0 0 0 0 0 0 0 0 0 0 0 0 0 -7 0 -5 0 0 0 0 
0 0 -13 0 26 -24 0 14 0 0 0 24 0 0 0 -27 0 0 0 0 0 9 0 0 0 0 32 0 0 0 -27 0 0 0 0 0 -3 42 0 0 0 26 -33 0 0 0 0 0 0 0 
0 0 0 0 0 0 0 0 0 0 0 0 0 -38 1 45 0 -33 0 0 0 0 0 0 0 0 -24 -13 48 0 42 0 0 7 0 -49 0 46 -35 0 45 -17 0 0 -39 43 0 0 0 0 
0 31 0 0 0 0 0 0 0 0 0 0 0 0 9 0 0 0 0 0 0 0 0 0 0 0 0 0 0 0 0 -30 0 0 0 0 0 0 -39 0 0 0 0 0 0 0 -43 0 -6 0 
0 29 0 -8 0 0 48 0 0 0 0 0 0 0 0 0 0 0 0 0 0 0 0 0 0 0 0 0 0 -2 0 1 28 0 0 0 0 0 0 0 37 0 0 0 0 0 -49 0 45 0 
0 0 0 0 0 0 0 0 0 0 0 -7 0 0 0 0 0 0 0 0 0 0 0 0 0 0 0 0 0 0 0 0 0 35 0 0 14 0 0 0 0 0 0 0 0 0 0 26 0 0 
0 0 0 0 0 0 0 0 -12 49 31 0 0 0 -3 0 9 0 0 0 0 -31 0 0 0 0 0 0 0 0 0 0 -38 0 0 0 0 2 0 0 0 0 0 -43 12 0 35 0 0 0 
0 0 -25 0 0 0 -40 0 0 12 0 0 25 2 0 -18 0 0 0 0 0 0 0 -15 0 0 0 -42 0 0 0 29 -20 0 -18 -16 0 7 0 0 0 0 0 0 0 0 0 0 0 0 
15 0 0 0 27 0 0 0 0 0 0 0 0 0 0 41 0 0 0 0 0 0 -15 -34 21 0 0 -19 -15 0 0 49 0 0 -9 22 0 13 0 0 0 0 -39 14 0 0 0 0 0 0 
0 -13 0 0 0 -6 0 0 -25 0 0 0 1 30 0 9 0 0 0 0 0 0 0 21 0 0 0 11 0 0 0 7 0 0 -9 0 0 0 0 -46 0 0 0 0 38 0 0 0 0 0 
0 -24 -7 14 0 0 0 0 0 0 0 0 -43 -44 0 -48 0 0 0 0 0 0 0 0 0 0 0 0 0 0 0 29 0 0 0 0 0 0 0 0 0 22 32 0 0 -24 0 0 13 0 
28 12 4 46 0 0 0 -35 12 0 0 0 0 0 0 -33 32 -24 0 0 0 0 0 0 0 0 0 0 0 0 48 3 -21 0 0 0 0 0 0 20 -37 0 0 0 0 48 0 -28 0 0 
0 0 22 0 2 0 0 0 0 0 0 0 8 0 0 0 0 -13 0 0 0 0 -42 -19 11 0 0 20 0 0 -30 0 0 49 0 0 0 0 -43 0 0 9 0 -11 0 16 0 0 0 0 
7 0 -27 0 0 0 7 0 0 0 0 0 0 -41 -5 0 0 48 0 0 0 0 0 -15 0 0 0 0 -49 0 0 5 0 -18 0 -8 0 0 0 0 0 -30 0 0 0 -29 0 0 -1 47 
0 0 0 -16 0 0 0 -19 0 0 0 -48 0 0 17 0 0 0 0 -2 0 0 0 0 0 0 0 0 0 0 0 26 0 0 0 0 50 0 0 0 0 0 -27 0 0 0 -4 0 0 0 
25 0 0 0 0 0 27 0 0 0 -29 -36 0 -39 0 0 -27 42 0 0 0 0 0 0 0 0 48 -30 0 0 23 0 0 33 0 0 -30 0 0 0 -21 -20 0 0 0 -11 0 0 0 0 
15 0 10 0 0 0 0 0 0 0 0 34 -11 0 41 0 0 0 -30 1 0 0 29 49 7 29 3 0 5 26 0 37 0 0 0 13 0 -13 0 -37 0 50 -48 0 -26 0 39 0 0 0 
36 0 0 0 0 0 0 44 0 0 0 0 0 0 0 0 0 0 0 28 0 -38 -20 0 0 0 -21 0 0 0 0 0 0 0 0 0 12 23 0 -17 0 0 0 0 -20 0 0 38 0 0 
0 0 -3 0 0 0 0 0 0 0 -7 0 0 0 0 0 0 7 0 0 35 0 0 0 0 0 0 49 -18 0 33 0 0 0 0 0 -22 0 0 11 40 0 0 0 0 0 0 0 19 -42 
0 0 43 0 0 0 0 0 0 0 47 0 -36 22 0 0 0 0 0 0 0 0 -18 -9 -9 0 0 0 0 0 0 0 0 0 0 0 21 0 0 0 33 0 0 0 0 0 0 -16 0 0 
0 0 0 0 0 0 0 0 0 0 9 0 0 0 0 0 0 -49 0 0 0 0 -16 22 0 0 0 0 -8 0 0 13 0 0 0 -35 0 0 0 0 0 0 0 32 0 0 0 -6 32 27 
0 0 -4 0 0 -16 0 0 0 0 0 1 0 0 0 0 -3 0 0 0 14 0 0 0 0 0 0 0 0 50 -30 0 12 -22 21 0 0 0 0 0 0 0 0 19 18 0 0 -34 -45 0 
25 0 0 0 0 15 0 -7 0 0 0 0 0 0 0 0 42 46 0 0 0 2 7 13 0 0 0 0 0 0 0 -13 23 0 0 0 0 0 0 0 0 0 0 0 0 0 0 19 44 0 
0 -8 -21 0 0 17 0 0 -42 0 0 27 0 -49 0 0 0 -35 -39 0 0 0 0 0 0 0 0 -43 0 0 0 0 0 0 0 0 0 0 0 0 0 0 0 0 -33 0 0 0 0 -42 
0 17 -41 0 -12 0 0 38 0 0 0 0 0 0 0 0 0 0 0 0 0 0 0 0 -46 0 20 0 0 0 0 -37 -17 11 0 0 0 0 0 38 0 0 0 -32 35 0 0 0 0 0 
0 0 0 -27 -8 0 -3 28 0 -1 46 0 0 0 0 0 0 45 0 37 0 0 0 0 0 0 -37 0 0 0 -21 0 0 40 33 0 0 0 0 0 0 0 3 0 0 0 0 13 0 0 
0 0 0 -28 0 -37 35 0 0 0 0 0 0 25 0 0 26 -17 0 0 0 0 0 0 0 22 0 9 -30 0 -20 50 0 0 0 0 0 0 0 0 0 9 0 0 0 0 0 2 0 -13 
0 48 0 0 0 -2 0 0 0 0 0 0 0 26 0 0 -33 0 0 0 0 0 0 -39 0 32 0 0 0 -27 0 -48 0 0 0 0 0 0 0 0 3 0 0 0 0 0 0 0 0 0 
0 0 0 0 0 38 35 0 0 14 0 0 0 0 0 -7 0 0 0 0 0 -43 0 14 0 0 0 -11 0 0 0 0 0 0 0 32 19 0 0 -32 0 0 0 -28 0 0 0 0 0 40 
-30 0 0 0 0 0 0 0 0 0 0 0 0 0 0 0 0 -39 0 0 0 12 0 0 38 0 0 0 0 0 0 -26 -20 0 0 0 18 0 -33 35 0 0 0 0 0 0 0 -25 0 0 
0 0 0 0 4 0 0 0 0 0 0 0 0 0 0 -5 0 43 0 0 0 0 0 0 0 -24 48 16 -29 0 -11 0 0 0 0 0 0 0 0 0 0 0 0 0 0 0 0 -46 -49 0 
0 27 0 -23 0 0 5 0 0 0 -23 0 0 0 0 0 0 0 -43 -49 0 35 0 0 0 0 0 0 0 -4 0 39 0 0 0 0 0 0 0 0 0 0 0 0 0 0 0 -1 0 0 
0 0 0 -32 0 0 0 0 36 0 0 -45 -19 -21 0 0 0 0 0 0 26 0 0 0 0 0 -28 0 0 0 0 0 38 0 -16 -6 -34 19 0 0 13 2 0 0 -25 -46 -1 -22 18 0 
0 0 0 0 0 0 0 0 0 0 44 0 0 44 0 0 0 0 -6 45 0 0 0 0 0 13 0 0 -1 0 0 0 0 19 0 32 -45 44 0 0 0 0 0 0 0 -49 0 18 0 0 
0 0 -26 0 -42 0 19 -49 0 0 0 0 30 0 0 0 0 0 0 0 0 0 0 0 0 0 0 0 47 0 0 0 0 -42 0 27 0 0 -42 0 0 -13 0 40 0 0 0 0 0 0 
