30
-31  25  -21  28  -7  31  -15  -29  27  -19  24  25  -28  -29  -30  -36  -12  -48  -39  18  30  -42  -27  -30  42  21  5  -20  34  -7  
0 0 -41 0 17 0 38 0 0 -9 0 0 0 0 31 8 0 0 0 0 0 0 0 15 0 0 28 0 7 0 
0 -20 -16 0 0 0 -8 25 0 0 0 0 0 0 0 0 0 0 31 29 0 0 0 0 -13 -24 12 0 0 0 
-41 -16 0 0 0 0 0 0 -49 0 43 0 0 0 0 0 -13 0 0 0 0 0 -25 0 0 -7 4 22 -27 0 
0 0 0 38 -30 0 0 0 0 4 0 0 0 -48 0 -1 0 0 0 -8 0 0 0 0 0 14 46 0 0 -16 
17 0 0 -30 0 0 0 0 -24 0 0 0 0 -48 0 0 26 0 0 0 0 0 0 27 0 0 0 2 0 0 
0 0 0 0 0 -47 0 0 0 0 0 45 0 36 -44 0 -24 0 0 0 0 0 0 0 -6 0 0 0 0 0 
38 -8 0 0 0 0 0 -5 7 0 0 0 43 0 -46 -49 0 0 0 48 0 0 -40 0 0 0 0 0 7 0 
0 25 0 0 0 0 -5 0 9 0 0 0 0 0 -28 -1 14 0 0 0 0 0 0 0 0 0 -35 0 0 -19 
0 0 -49 0 -24 0 7 9 0 0 0 0 0 0 0 0 0 0 0 0 0 -12 0 0 -25 0 12 0 0 0 
-9 0 0 4 0 0 0 0 0 -36 0 41 -37 -22 0 0 0 0 0 0 0 49 12 0 0 0 0 0 0 0 
0 0 43 0 0 0 0 0 0 0 0 0 0 0 -43 0 0 0 0 0 0 31 0 0 0 0 0 0 0 0 
0 0 0 0 0 45 0 0 0 41 0 12 0 0 0 0 24 0 0 0 -7 0 0 0 0 0 0 0 0 -48 
0 0 0 0 0 0 43 0 0 -37 0 0 26 0 0 0 0 0 0 0 0 0 25 0 1 -43 0 8 0 0 
0 0 0 -48 -48 36 0 0 0 -22 0 0 0 30 -25 0 0 -38 0 0 0 0 2 0 30 -44 0 0 -41 0 
31 0 0 0 0 -44 -46 -28 0 0 -43 0 0 -25 0 0 0 1 9 0 0 -3 0 0 0 0 0 0 -5 17 
8 0 0 -1 0 0 -49 -1 0 0 0 0 0 0 0 0 -27 45 0 0 0 0 -18 41 9 -48 -33 0 0 0 
0 0 -13 0 26 -24 0 14 0 0 0 24 0 0 0 -27 0 0 0 0 0 9 0 0 0 0 32 0 0 0 
0 0 0 0 0 0 0 0 0 0 0 0 0 -38 1 45 0 -33 0 0 0 0 0 0 0 0 -24 -13 48 0 
0 31 0 0 0 0 0 0 0 0 0 0 0 0 9 0 0 0 0 0 0 0 0 0 0 0 0 0 0 0 
0 29 0 -8 0 0 48 0 0 0 0 0 0 0 0 0 0 0 0 0 0 0 0 0 0 0 0 0 0 -2 
0 0 0 0 0 0 0 0 0 0 0 -7 0 0 0 0 0 0 0 0 0 0 0 0 0 0 0 0 0 0 
0 0 0 0 0 0 0 0 -12 49 31 0 0 0 -3 0 9 0 0 0 0 -31 0 0 0 0 0 0 0 0 
0 0 -25 0 0 0 -40 0 0 12 0 0 25 2 0 -18 0 0 0 0 0 0 0 -15 0 0 0 -42 0 0 
15 0 0 0 27 0 0 0 0 0 0 0 0 0 0 41 0 0 0 0 0 0 -15 -34 21 0 0 -19 -15 0 
0 -13 0 0 0 -6 0 0 -25 0 0 0 1 30 0 9 0 0 0 0 0 0 0 21 0 0 0 11 0 0 
0 -24 -7 14 0 0 0 0 0 0 0 0 -43 -44 0 -48 0 0 0 0 0 0 0 0 0 0 0 0 0 0 
28 12 4 46 0 0 0 -35 12 0 0 0 0 0 0 -33 32 -24 0 0 0 0 0 0 0 0 0 0 0 0 
0 0 22 0 2 0 0 0 0 0 0 0 8 0 0 0 0 -13 0 0 0 0 -42 -19 11 0 0 20 0 0 
7 0 -27 0 0 0 7 0 0 0 0 0 0 -41 -5 0 0 48 0 0 0 0 0 -15 0 0 0 0 -49 0 
0 0 0 -16 0 0 0 -19 0 0 0 -48 0 0 17 0 0 0 0 -2 0 0 0 0 0 0 0 0 0 0 
