50
35  43  48  -13  -25  44  42  43  42  14  -50  24  45  -30  -25  -23  28  11  -46  4  -17  27  11  -16  -34  -43  22  13  -21  36  -42  36  -31  20  -23  -39  -19  26  19  23  -22  32  -43  -32  43  4  26  11  -26  -20  
21 1 0 -4 -9 44 -28 -42 0 4 23 -46 0 0 34 0 -50 0 15 7 10 0 -7 0 -21 0 19 -42 0 0 30 -28 -11 0 0 -38 19 35 19 0 0 -3 0 34 -49 0 17 0 0 -37 
1 0 -30 -22 20 0 -3 -14 19 -24 0 23 24 -2 -45 -28 21 -45 6 5 20 -20 25 -8 -11 -37 -40 6 15 -48 47 39 -29 0 18 49 37 0 27 20 7 -33 -4 -30 -10 0 0 0 0 25 
0 -30 -6 9 -35 41 -21 25 23 0 0 -2 20 34 -20 -2 -21 -9 0 0 -21 19 29 0 0 -50 -15 14 29 0 22 40 12 0 -10 22 -10 -6 16 0 2 47 -47 0 46 13 0 -19 34 48 
-4 -22 9 6 28 0 36 19 10 0 0 15 0 0 -35 -47 0 -2 4 8 0 -16 -43 5 0 -42 -38 -47 -36 16 0 0 0 -38 26 0 -10 28 -1 0 38 20 -7 -14 -5 0 0 -29 -9 49 
-9 20 -35 28 -28 -41 -22 17 -43 -2 -41 0 -14 -29 0 -34 0 -8 -41 5 -35 -42 0 -42 49 -26 -8 0 12 21 0 0 16 8 -38 26 0 -47 11 -17 39 24 -14 48 8 0 32 30 39 -4 
44 0 41 0 -41 6 -5 7 -35 0 43 -43 -36 0 33 30 24 40 -40 49 0 -36 -40 0 0 19 -39 -22 0 32 5 0 25 -47 -36 -12 0 0 -32 0 35 -22 4 -30 -29 37 47 0 0 0 
-28 -3 -21 36 -22 -5 -30 -6 -37 16 0 -42 -8 0 -2 20 -3 29 -50 0 39 46 36 3 -7 0 0 22 -21 -17 36 -33 -24 -22 0 30 -28 0 27 -8 0 -33 3 32 32 0 14 0 -33 -43 
-42 -14 25 19 17 7 -6 -26 -32 0 -5 0 0 -22 39 -46 0 0 -29 -46 -12 -48 29 0 21 -16 0 0 -30 -49 0 0 34 -18 -27 19 50 24 46 0 -14 0 -19 1 -9 -13 -13 7 4 -7 
0 19 23 10 -43 -35 -37 -32 0 -14 -33 34 38 4 -44 -13 33 42 7 -31 0 -15 0 -16 -1 24 25 32 -9 20 0 0 0 16 -20 0 0 16 -11 8 17 -2 4 7 -32 -35 0 23 -14 -1 
4 -24 0 0 -2 0 16 0 -14 -31 40 -24 0 34 4 -37 37 0 0 4 22 -44 -7 41 46 12 -40 -12 2 -20 0 -26 0 0 0 34 -2 -48 47 -36 -44 0 -11 0 41 0 0 16 -31 24 
23 0 0 0 -41 43 0 -5 -33 40 -36 40 0 28 -32 32 -5 7 40 -4 42 20 0 -45 48 0 -38 -21 42 0 -41 0 -12 44 9 42 0 4 12 0 21 8 0 34 22 24 6 -1 0 2 
-46 23 -2 15 0 -43 -42 0 34 -24 40 -44 -30 47 0 -9 -4 26 25 -11 -2 36 37 0 49 -25 26 -18 -20 48 27 0 19 -8 -12 12 -49 38 49 0 -29 -7 43 -17 10 -23 7 -36 -12 -34 
0 24 20 0 -14 -36 -8 0 38 0 0 -30 33 0 12 0 0 3 13 0 -14 0 13 18 31 -23 36 19 -25 -31 6 0 25 27 21 0 29 1 49 44 0 2 17 0 -6 0 -44 -40 -44 25 
0 -2 34 0 -29 0 0 -22 4 34 28 47 0 45 12 -36 1 -43 44 0 -22 12 35 0 -6 48 -34 -11 10 0 -48 44 0 -8 -27 -29 -40 0 31 0 -43 0 -18 43 -50 0 23 1 37 9 
34 -45 -20 -35 0 33 -2 39 -44 4 -32 0 12 12 -23 7 0 -1 0 -31 -29 1 0 3 20 0 -6 -46 -34 29 0 8 -33 -42 21 -13 29 0 22 38 0 19 39 30 43 43 -44 0 8 47 
0 -28 -2 -47 -34 30 20 -46 -13 -37 32 -9 0 -36 7 -46 0 29 4 0 3 48 -18 -33 -4 0 2 -8 4 0 -4 0 7 -43 -24 0 -48 23 -31 -25 -11 -11 33 -1 0 -10 22 16 29 0 
-50 21 -21 0 0 24 -3 0 33 37 -5 -4 0 1 0 0 -25 0 0 12 25 -36 10 -44 48 -15 0 0 -46 8 -37 0 -30 -31 3 12 -24 0 -33 0 -3 0 36 -21 29 12 39 0 -24 19 
0 -45 -9 -2 -8 40 29 0 42 0 7 26 3 -43 -1 29 0 13 -20 -17 -8 47 1 -39 6 0 0 33 45 -21 0 0 41 25 24 -38 -7 11 0 -9 -27 42 -46 16 -36 -25 10 -43 -47 -28 
15 6 0 4 -41 -40 -50 -29 7 0 40 25 13 44 0 4 0 -20 -47 -11 38 0 -16 25 13 -32 43 -33 -36 -12 0 13 39 -2 0 8 -11 0 -19 -29 -37 31 12 0 -22 -3 25 -35 9 -31 
7 5 0 8 5 49 0 -46 -31 4 -4 -11 0 0 -31 0 12 -17 -11 16 24 -49 34 27 38 -24 -9 1 0 -25 -45 -28 0 46 13 46 4 49 0 -5 0 20 -21 -40 -29 5 0 -22 0 1 
10 20 -21 0 -35 0 39 -12 0 22 42 -2 -14 -22 -29 3 25 -8 38 24 0 0 -27 30 35 0 49 -18 -22 0 49 0 -29 0 0 13 50 -27 17 -42 -35 -33 -10 -20 20 0 12 0 -28 -49 
0 -20 19 -16 -42 -36 46 -48 -15 -44 20 36 0 12 1 48 -36 47 0 -49 0 0 -49 5 -36 -21 15 0 36 0 43 -14 0 35 -22 0 0 6 -31 -41 -31 -50 -38 -6 0 0 0 -46 8 -9 
-7 25 29 -43 0 -40 36 29 0 -7 0 37 13 35 0 -18 10 1 -16 34 -27 -49 35 -1 0 22 -35 43 6 10 0 -33 -40 9 -40 19 -25 38 -16 39 0 -46 40 29 -44 -17 0 -19 0 -46 
0 -8 0 5 -42 0 3 0 -16 41 -45 0 18 0 3 -33 -44 -39 25 27 30 5 -1 0 30 3 31 0 43 0 0 17 -2 45 27 0 0 -35 14 -37 26 38 5 38 -41 -47 -26 7 -49 -9 
-21 -11 0 0 49 0 -7 21 -1 46 48 49 31 -6 20 -4 48 6 13 38 35 -36 0 30 38 -18 0 16 1 -15 -20 -18 42 40 -37 -2 0 5 -12 -33 0 -8 49 49 0 0 -24 -42 -26 -15 
0 -37 -50 -42 -26 19 0 -16 24 12 0 -25 -23 48 0 0 -15 0 -32 -24 0 -21 22 3 -18 -4 30 -14 16 0 13 0 50 -42 24 -21 -25 15 -11 49 12 -46 0 13 -33 0 41 42 27 0 
19 -40 -15 -38 -8 -39 0 0 25 -40 -38 26 36 -34 -6 2 0 0 43 -9 49 15 -35 31 0 30 36 7 0 12 -30 45 -44 9 5 45 -21 -48 -37 25 0 0 -29 -28 -25 0 29 0 -36 20 
-42 6 14 -47 0 -22 22 0 32 -12 -21 -18 19 -11 -46 -8 0 33 -33 1 -18 0 43 0 16 -14 7 -43 13 0 24 33 0 0 10 9 0 0 0 -27 44 9 0 0 -4 0 -45 -23 0 -43 
0 15 29 -36 12 0 -21 -30 -9 2 42 -20 -25 10 -34 4 -46 45 -36 0 -22 36 6 43 1 16 0 13 -34 19 -32 0 43 -15 -15 16 0 -11 0 0 2 11 -40 -13 31 -15 -28 1 0 -35 
0 -48 0 16 21 32 -17 -49 20 -20 0 48 -31 0 29 0 8 -21 -12 -25 0 0 10 0 -15 0 12 0 19 15 49 -45 20 13 0 46 -8 37 -19 -46 0 0 -36 38 -34 -45 30 0 -11 -26 
30 47 22 0 0 5 36 0 0 0 -41 27 6 -48 0 -4 -37 0 0 -45 49 43 0 0 -20 13 -30 24 -32 49 0 -5 -24 0 -13 -47 37 -41 0 11 43 -1 14 -46 7 4 10 -43 8 -50 
-28 39 40 0 0 0 -33 0 0 -26 0 0 0 44 8 0 0 0 13 -28 0 -14 -33 17 -18 0 45 33 0 -45 -5 2 46 -50 0 -43 -1 49 -31 -20 6 39 0 0 35 0 -50 0 -37 -19 
-11 -29 12 0 16 25 -24 34 0 0 -12 19 25 0 -33 7 -30 41 39 0 -29 0 -40 -2 42 50 -44 0 43 20 -24 46 0 0 43 30 -6 -38 0 -20 -14 0 36 -42 -38 0 -40 -5 33 19 
0 0 0 -38 8 -47 -22 -18 16 0 44 -8 27 -8 -42 -43 -31 25 -2 46 0 35 9 45 40 -42 9 0 -15 13 0 -50 0 -14 16 8 -39 -44 0 50 28 -30 37 40 0 37 0 14 -32 0 
0 18 -10 26 -38 -36 0 -27 -20 0 9 -12 21 -27 21 -24 3 24 0 13 0 -22 -40 27 -37 24 5 10 -15 0 -13 0 43 16 -45 0 0 -3 -41 0 0 0 -15 -46 0 0 0 6 23 0 
-38 49 22 0 26 -12 30 19 0 34 42 12 0 -29 -13 0 12 -38 8 46 13 0 19 0 -2 -21 45 9 16 46 -47 -43 30 8 0 49 19 0 -16 39 -44 22 -28 28 2 29 36 -44 0 -49 
19 37 -10 -10 0 0 -28 50 0 -2 0 -49 29 -40 29 -48 -24 -7 -11 4 50 0 -25 0 0 -25 -21 0 0 -8 37 -1 -6 -39 0 19 28 0 0 13 48 10 -38 0 -41 0 35 0 -39 0 
35 0 -6 28 -47 0 0 24 16 -48 4 38 1 0 0 23 0 11 0 49 -27 6 38 -35 5 15 -48 0 -11 37 -41 49 -38 -44 -3 0 0 0 4 0 0 -46 0 0 31 -38 5 -7 -21 42 
19 27 16 -1 11 -32 27 46 -11 47 12 49 49 31 22 -31 -33 0 -19 0 17 -31 -16 14 -12 -11 -37 0 0 -19 0 -31 0 0 -41 -16 0 4 45 6 0 -20 -36 0 7 10 -21 32 -16 0 
0 20 0 0 -17 0 -8 0 8 -36 0 0 44 0 38 -25 0 -9 -29 -5 -42 -41 39 -37 -33 49 25 -27 0 -46 11 -20 -20 50 0 39 13 0 6 -40 8 -6 0 -43 38 -11 -24 45 17 -13 
0 7 2 38 39 35 0 -14 17 -44 21 -29 0 -43 0 -11 -3 -27 -37 0 -35 -31 0 26 0 12 0 44 2 0 43 6 -14 28 0 -44 48 0 0 8 44 0 -46 46 -5 27 49 24 -35 -8 
-3 -33 47 20 24 -22 -33 0 -2 0 8 -7 2 0 19 -11 0 42 31 20 -33 -50 -46 38 -8 -46 0 9 11 0 -1 39 0 -30 0 22 10 -46 -20 -6 0 15 15 -23 -27 37 0 0 0 0 
0 -4 -47 -7 -14 4 3 -19 4 -11 0 43 17 -18 39 33 36 -46 12 -21 -10 -38 40 5 49 0 -29 0 -40 -36 14 0 36 37 -15 -28 -38 0 -36 0 -46 15 17 0 0 17 -49 6 6 5 
34 -30 0 -14 48 -30 32 1 7 0 34 -17 0 43 30 -1 -21 16 0 -40 -20 -6 29 38 49 13 -28 0 -13 38 -46 0 -42 40 -46 28 0 0 0 -43 46 -23 0 0 -44 -11 39 -17 3 -8 
-49 -10 46 -5 8 -29 32 -9 -32 41 22 10 -6 -50 43 0 29 -36 -22 -29 20 0 -44 -41 0 -33 -25 -4 31 -34 7 35 -38 0 0 2 -41 31 7 38 -5 -27 0 -44 0 10 36 -20 0 0 
0 0 13 0 0 37 0 -13 -35 0 24 -23 0 0 43 -10 12 -25 -3 5 0 0 -17 -47 0 0 0 0 -15 -45 4 0 0 37 0 29 0 -38 10 -11 27 37 17 -11 10 -14 -11 0 -46 0 
17 0 0 0 32 47 14 -13 0 0 6 7 -44 23 -44 22 39 10 25 0 12 0 0 -26 -24 41 29 -45 -28 30 10 -50 -40 0 0 36 35 5 -21 -24 49 0 -49 39 36 -11 21 -17 45 21 
0 0 -19 -29 30 0 0 7 23 16 -1 -36 -40 1 0 16 0 -43 -35 -22 0 -46 -19 7 -42 42 0 -23 1 0 -43 0 -5 14 6 -44 0 -7 32 45 24 0 6 -17 -20 0 -17 -26 -22 34 
0 0 34 -9 39 0 -33 4 -14 -31 0 -12 -44 37 8 29 -24 -47 9 0 -28 8 0 -49 -26 27 -36 0 0 -11 8 -37 33 -32 23 0 -39 -21 -16 17 -35 0 6 3 0 -46 45 -22 -27 -31 
-37 25 48 49 -4 0 -43 -7 -1 24 2 -34 25 9 47 0 19 -28 -31 1 -49 -9 -46 -9 -15 0 20 -43 -35 -26 -50 -19 19 0 0 -49 0 42 0 -13 -8 0 5 -8 0 0 21 34 -31 -47 
