50
32  20  47  -33  14  -10  -13  47  33  -20  6  19  7  -13  -44  22  23  -12  -44  -44  22  23  39  -13  10  17  25  46  -13  12  37  38  -31  -26  -14  -24  -27  41  10  29  5  -45  -5  -28  -23  30  -6  10  -26  -50  
0 0 0 -6 0 0 0 -21 0 0 0 0 -9 0 -30 47 0 -28 37 0 -29 49 0 0 -12 -8 -1 35 33 43 -33 0 0 0 28 0 0 -14 0 0 0 0 -31 -37 26 -50 -33 -21 0 0 
0 1 0 -4 6 0 0 36 0 0 43 0 -29 0 33 0 0 0 0 0 2 0 39 -5 0 0 0 -36 0 -9 1 21 0 0 0 0 -38 0 42 9 -25 -35 -16 -33 0 -46 -26 16 0 33 
0 0 -30 0 -9 -28 -41 0 0 10 0 0 0 -44 0 45 0 -9 17 0 0 -46 -12 -21 29 0 -21 0 -4 49 -18 0 0 0 0 -24 8 0 0 0 -21 5 14 49 12 38 0 0 0 24 
-6 -4 0 18 20 44 0 -22 17 -43 0 0 0 0 0 0 12 0 28 26 0 -31 0 17 -43 0 -11 30 0 15 0 0 -31 -40 43 34 -47 0 0 0 0 15 -12 25 0 0 5 0 -6 -23 
0 6 -9 20 -35 0 0 -30 7 -35 35 0 -23 24 -22 0 -23 -36 1 3 40 0 22 0 0 0 0 0 0 0 0 24 0 0 0 0 -22 -10 16 46 0 -48 -11 -27 44 -48 49 -12 -50 0 
0 0 -28 44 0 0 -28 1 -6 -37 0 -1 0 20 0 -45 0 0 0 -43 25 0 42 -48 -40 34 0 0 0 14 0 0 29 0 0 0 -18 26 0 -47 0 0 0 0 0 50 0 -24 0 0 
0 0 -41 0 0 -28 -3 -2 -26 0 0 0 0 0 0 0 -28 0 0 0 0 0 0 0 36 3 0 0 -18 0 0 0 0 0 0 -12 0 -38 -36 0 25 0 26 0 0 9 -29 -19 0 43 
-21 36 0 -22 -30 1 -2 21 0 46 0 0 -43 0 -29 2 -2 0 -25 18 0 -50 -42 1 29 0 0 -37 0 0 16 43 0 -48 0 19 0 -36 -29 -18 0 -22 0 -12 0 0 0 0 0 -10 
0 0 0 17 7 -6 -26 0 19 0 0 -5 -42 23 0 48 -47 -8 0 0 44 50 -1 -33 0 0 0 -50 22 30 -14 0 0 0 8 25 0 0 0 0 0 0 0 0 43 0 -40 38 29 12 
0 0 10 -43 -35 -37 0 46 0 0 5 -33 0 -19 0 0 -34 -26 -45 0 0 0 3 0 -7 23 -7 0 0 36 0 12 -21 -4 0 0 44 -27 0 0 -10 0 48 -20 6 0 0 49 -36 -25 
0 43 0 0 35 0 0 0 0 5 -31 40 0 38 -22 0 0 0 0 13 4 0 -1 0 0 0 0 -32 -40 0 0 0 -12 -37 0 0 -8 0 0 0 -6 -10 -31 -20 -14 0 -43 13 -22 0 
0 0 0 0 0 -1 0 0 -5 -33 40 0 0 38 4 -2 0 -21 24 0 0 42 0 0 37 0 0 -9 0 25 -43 6 0 0 0 -24 27 31 0 0 44 0 0 50 28 -5 0 -28 -29 20 
-9 -29 0 0 -23 0 0 -43 -42 0 0 0 -24 0 34 39 0 0 0 0 -20 12 0 0 13 38 0 0 7 0 0 0 47 0 0 0 0 0 26 49 0 -38 0 0 0 0 0 0 20 0 
0 0 -44 0 24 20 0 0 23 -19 38 38 0 0 0 -44 0 0 -21 0 0 -17 0 12 35 18 -36 0 -36 14 0 0 0 -45 0 0 -16 0 0 0 0 -44 -41 0 -44 0 36 0 0 0 
-30 33 0 0 -22 0 0 -29 0 0 -22 4 34 0 0 4 -46 24 0 0 25 -11 0 1 0 0 0 -16 17 -47 0 1 10 49 -28 15 -25 -12 25 0 28 -3 0 0 0 -30 0 -44 0 0 
47 0 45 0 0 -45 0 2 48 0 0 -2 39 -44 4 -32 -13 0 0 0 0 16 -4 48 0 3 48 24 28 0 29 0 0 43 0 0 -17 21 0 37 35 0 36 13 0 0 0 0 -27 0 
0 0 0 12 -23 0 -28 -2 -47 -34 0 0 0 0 -46 -13 0 36 0 4 0 10 0 0 -15 0 49 12 0 -22 0 0 0 0 0 0 15 -27 0 -10 0 0 4 0 0 22 -15 0 49 -2 
-28 0 -9 0 -36 0 0 0 -8 -26 0 -21 0 0 24 0 36 33 0 0 0 0 24 20 0 -26 31 0 0 22 -34 0 35 0 -17 0 0 0 0 0 -6 0 45 6 0 10 0 -14 -33 39 
37 0 17 28 1 0 0 -25 0 -45 0 24 0 -21 0 0 0 0 42 -7 0 0 0 0 1 -34 -6 0 0 0 0 0 0 0 -32 0 -2 0 0 44 28 19 0 0 0 -46 -20 0 0 0 
0 0 0 26 3 -43 0 18 0 0 13 0 0 0 0 0 4 0 -7 -37 8 -21 0 0 -16 -21 20 -25 -40 32 0 0 0 -4 0 -29 46 0 34 0 0 27 0 48 0 -20 35 -42 12 0 
-29 2 0 0 40 25 0 0 44 0 4 0 -20 0 25 0 0 0 0 8 5 0 0 0 34 0 0 -23 -38 -12 0 0 0 0 -18 0 0 -28 42 -28 41 16 0 7 44 -6 -36 0 12 0 
49 0 -46 -31 0 0 0 -50 50 0 0 42 12 -17 -11 16 10 0 0 -21 0 -35 12 31 -27 0 21 48 26 -21 22 36 19 -30 0 -40 0 0 0 50 0 -1 0 2 0 0 0 0 0 -15 
0 39 -12 0 22 42 0 -42 -1 3 -1 0 0 0 0 -4 0 24 0 0 0 12 0 0 -49 0 0 0 36 0 14 0 15 24 45 0 0 24 0 0 24 11 0 38 -48 15 -46 -46 -34 -45 
0 -5 -21 17 0 -48 0 1 -33 0 0 0 0 12 1 48 0 20 0 0 0 31 0 0 35 0 6 0 -34 -44 -47 32 30 -32 33 -31 9 0 0 -2 16 -32 -17 39 -16 0 15 28 7 4 
-12 0 29 -43 0 -40 36 29 0 -7 0 37 13 35 0 0 -15 0 1 -16 34 -27 -49 35 0 0 0 0 0 0 0 0 47 49 0 0 45 0 0 0 -48 0 0 35 0 -4 0 0 35 0 
-8 0 0 0 0 34 3 0 0 23 0 0 38 18 0 3 0 -26 -34 -21 0 0 0 0 0 5 0 45 -17 -11 0 0 22 0 0 50 0 0 3 -49 4 0 -8 0 0 -47 0 0 0 0 
-1 0 -21 -11 0 0 0 0 0 -7 0 0 0 -36 0 48 49 31 -6 20 0 21 0 6 0 0 38 -32 0 -46 0 21 0 -28 16 -44 0 0 47 0 38 46 0 0 0 -7 34 0 28 37 
35 -36 0 30 0 0 0 -37 -50 0 -32 -9 0 0 -16 24 12 0 0 -25 -23 48 0 0 0 45 -32 0 0 0 0 32 0 39 -19 0 0 0 12 0 1 -11 8 -5 24 -14 0 0 0 0 
33 0 -4 0 0 0 -18 0 22 0 -40 0 7 -36 17 28 0 0 0 -40 -38 26 36 -34 0 -17 0 0 0 44 15 -17 0 0 0 43 -19 -26 0 -40 0 47 -36 0 -22 4 39 18 0 0 
43 -9 49 15 0 14 0 0 30 36 0 25 0 14 -47 0 -22 22 0 32 -12 -21 0 -44 0 -11 -46 0 44 33 16 -49 0 0 0 20 0 12 20 29 0 12 0 -44 0 0 -14 0 0 0 
-33 1 -18 0 0 0 0 16 -14 0 0 -43 0 0 0 29 0 -34 0 0 0 22 14 -47 0 0 0 0 15 16 0 20 36 0 -9 -24 0 0 0 -48 0 0 0 0 38 0 0 -23 -41 0 
0 21 0 0 24 0 0 43 0 12 0 6 0 0 1 0 0 0 0 0 0 36 0 32 0 0 21 32 -17 -49 20 -20 0 0 -34 0 0 0 46 0 0 0 44 0 -2 -19 0 0 31 0 
0 0 0 -31 0 29 0 0 0 -21 -12 0 47 0 10 0 0 35 0 0 0 19 15 30 47 22 0 0 0 0 36 0 0 0 0 0 16 20 13 5 0 49 0 -29 0 4 -30 0 7 -31 
0 0 0 -40 0 0 0 -48 0 -4 -37 0 0 -45 49 43 0 0 0 -4 0 -30 24 -32 49 0 -28 39 0 0 0 0 0 0 0 0 0 0 0 -31 0 31 38 0 8 -11 0 0 0 0 
28 0 0 43 0 0 0 0 8 0 0 0 0 0 -28 0 0 -17 -32 0 -18 0 45 33 0 0 16 -19 0 0 -9 -34 0 0 16 0 0 5 19 -23 0 22 -25 -43 0 0 0 -8 0 0 
0 0 -24 34 0 0 -12 19 25 0 0 -24 0 0 15 0 0 0 0 -29 0 -40 0 -31 0 50 -44 0 43 20 -24 0 0 0 0 0 0 10 0 0 0 -31 0 0 -24 0 1 24 0 -19 
0 -38 8 -47 -22 -18 0 0 0 44 -8 27 0 -16 -25 -17 15 0 -2 46 0 0 0 9 45 0 0 0 -19 0 0 0 16 0 0 0 49 -15 -2 50 49 -33 0 -11 0 0 0 0 3 0 
-14 0 0 0 -10 26 -38 -36 0 -27 0 31 0 0 -12 21 -27 0 0 0 -28 0 24 0 0 0 0 0 -26 12 0 0 20 0 5 10 -15 0 0 0 -27 0 -20 0 0 17 0 -5 37 0 
0 42 0 0 16 0 -36 -29 0 0 0 0 26 0 25 0 0 0 0 34 42 0 0 0 0 3 47 12 0 20 0 46 13 0 19 0 -2 0 -17 0 0 -19 -33 -28 19 -18 0 0 0 0 
0 9 0 0 46 -47 0 -18 0 0 0 0 49 0 0 37 -10 0 44 0 -28 50 0 -2 0 -49 0 0 -40 29 -48 0 5 -31 -23 0 50 0 0 46 0 0 0 0 -11 39 34 0 25 0 
0 -25 -21 0 0 0 25 0 0 -10 -6 44 0 0 28 35 0 -6 28 0 41 0 24 16 -48 4 38 1 0 0 0 0 0 0 0 0 49 -27 0 0 0 0 24 40 0 33 -17 0 0 0 
0 -35 5 15 -48 0 0 -22 0 0 -10 0 -38 -44 -3 0 0 0 19 27 16 -1 11 -32 0 0 46 -11 47 12 0 0 49 31 22 -31 -33 0 -19 0 0 0 -36 -35 42 36 0 -8 0 -11 
-31 -16 14 -12 -11 0 26 0 0 48 -31 0 0 -41 0 36 4 45 0 0 0 0 0 -17 0 -8 0 8 -36 0 0 44 0 38 -25 0 0 -20 -33 0 24 -36 0 -31 31 -46 0 0 0 0 
-37 -33 49 25 -27 0 0 -12 0 -20 -20 50 0 0 0 13 0 6 0 48 7 2 38 39 35 0 0 -5 0 -44 0 0 -29 0 -43 0 -11 0 -28 0 40 -35 -31 0 20 12 0 0 0 0 
26 0 12 0 44 0 0 0 43 6 -14 28 0 -44 0 0 0 0 0 0 44 0 -48 -16 0 0 0 24 -22 0 38 -2 0 8 0 -24 0 0 19 -11 0 42 31 20 -33 0 0 -35 0 -14 
-50 -46 38 0 -48 50 9 0 0 0 0 -5 0 0 -30 0 22 10 -46 -20 -6 0 15 0 -4 -47 -7 -14 4 0 0 -19 4 -11 0 0 0 17 -18 39 33 36 -46 12 0 14 0 -43 0 17 
-33 -26 0 5 49 0 -29 0 -40 0 -43 0 0 36 0 0 -15 0 -20 35 -36 0 -46 15 0 0 34 0 39 -14 0 0 -30 0 0 1 0 0 0 34 -17 0 0 0 0 0 -1 0 37 0 
-21 16 0 0 -12 -24 -19 0 38 49 13 -28 0 0 -44 0 0 -14 0 -42 0 0 -46 28 0 0 0 0 18 0 -23 0 0 0 -8 24 0 -5 0 0 0 -8 0 0 -35 -43 0 0 0 0 
0 0 0 -6 -50 0 0 0 29 -36 -22 -29 20 0 0 -27 49 -33 0 12 12 0 -34 7 35 0 28 0 0 0 -41 31 7 0 0 0 3 37 0 25 0 0 0 0 0 0 37 0 -13 0 
0 33 24 -23 0 0 43 -10 12 -25 0 20 0 0 0 0 -2 39 0 0 0 -15 -45 4 0 0 37 0 0 0 0 0 -31 0 0 -19 0 0 0 0 0 -11 0 0 -14 17 0 0 0 0 
