40
5  -42  -30  36  21  40  -17  3  15  10  -27  -7  -25  35  49  -44  22  -17  13  -24  15  -13  -21  42  45  11  -29  44  25  25  -29  33  -26  13  21  24  -11  26  41  9  
22 -20 -16 38 47 -8 29 -36 31 45 -37 -49 8 -44 47 40 -7 -28 36 8 -43 -24 -32 -4 30 -40 -18 19 -16 -30 -8 -16 23 8 -43 34 -11 -17 31 33 
-20 -41 4 17 19 3 -5 20 -34 8 20 -27 35 31 -38 -32 18 -19 15 -30 -44 -19 -26 -19 -27 -40 -6 1 -33 -40 -21 48 10 43 -31 9 -16 -32 -32 33 
-16 4 19 6 40 -19 -21 -9 -15 -27 26 -11 -1 14 1 11 -7 41 11 -24 -39 -24 -15 18 42 -33 -7 47 -36 -46 47 17 -45 -5 17 12 4 -8 44 -32 
38 17 6 -30 -47 34 -37 -9 23 7 43 25 33 43 45 -8 30 -39 -47 -4 26 -19 -27 -37 5 -46 18 -40 20 -44 17 28 35 -24 -35 -17 20 44 -23 24 
47 19 40 -47 38 25 18 4 12 12 -38 -37 -49 -44 -49 42 41 0 23 1 25 -13 0 2 34 -31 -3 -49 -25 17 28 39 3 -13 35 38 19 36 -32 8 
-8 3 -19 34 25 25 -24 2 -15 3 -48 -38 -1 27 -17 48 -23 -29 -25 30 -5 1 -33 -49 43 24 13 7 -28 -31 -42 27 -21 9 13 27 -14 46 -32 -42 
29 -5 -21 -37 18 -24 -45 9 40 -14 -26 -40 7 44 31 48 36 36 -16 -48 -3 -47 50 19 -2 5 -5 1 -13 -16 30 -29 -8 -43 9 9 44 -45 -1 12 
-36 20 -9 -9 4 2 9 -37 47 12 4 22 49 -27 44 33 31 12 -5 35 -10 39 10 42 48 26 -4 20 -45 -1 27 -18 40 26 -7 -12 48 -19 15 27 
31 -34 -15 23 12 -15 40 47 12 43 35 -49 -12 45 38 13 24 -40 50 25 -47 2 41 -50 -30 -33 -37 -9 21 -48 -29 20 33 25 50 -26 24 -21 47 17 
45 8 -27 7 12 3 -14 12 43 50 -22 47 25 6 41 9 27 -2 -36 4 -38 36 -47 36 -10 -49 41 -32 15 -15 -10 -7 -1 -2 50 -20 27 46 13 -42 
-37 20 26 43 -38 -48 -26 4 35 -22 47 -30 -24 14 5 36 -3 12 4 31 -49 19 -44 15 23 6 27 -33 -35 -7 16 4 3 17 -33 12 -50 -22 -7 -9 
-49 -27 -11 25 -37 -38 -40 22 -49 47 -30 25 -13 -1 -22 20 -44 16 14 21 -50 13 -13 8 15 26 0 -26 38 -3 -35 -37 36 21 -13 -50 4 14 -1 -13 
8 35 -1 33 -49 -1 7 49 -12 25 -24 -13 -29 5 10 -18 -42 25 5 45 41 -50 -34 6 -29 49 -44 48 -4 -14 -39 -17 39 20 14 0 -45 26 31 -31 
-44 31 14 43 -44 27 44 -27 45 6 14 -1 5 42 9 -5 -32 2 -37 -24 42 -19 27 -15 25 -50 45 49 0 5 -10 11 -39 -35 50 -33 30 35 -11 45 
47 -38 1 45 -49 -17 31 44 38 41 5 -22 10 9 31 -9 38 -48 -48 -7 -35 42 13 -31 10 36 -31 -13 -16 -15 6 12 10 28 -35 35 44 -12 19 23 
40 -32 11 -8 42 48 48 33 13 9 36 20 -18 -5 -9 -18 7 38 25 14 12 -26 -2 -21 23 2 -25 12 35 42 34 35 -37 -27 -4 42 -23 -40 -33 25 
-7 18 -7 30 41 -23 36 31 24 27 -3 -44 -42 -32 38 7 -3 4 -13 20 49 44 -15 -7 -8 28 4 30 -7 46 42 -49 35 -11 28 28 27 48 -27 -19 
-28 -19 41 -39 0 -29 36 12 -40 -2 12 16 25 2 -48 38 4 45 19 -16 23 35 23 -15 -45 27 13 -14 -36 -12 -43 16 47 32 -8 32 34 41 -36 10 
36 15 11 -47 23 -25 -16 -5 50 -36 4 14 5 -37 -48 25 -13 19 -31 -7 -10 -27 -4 27 -31 11 -50 20 -21 -45 -15 46 10 26 41 9 48 43 39 -25 
8 -30 -24 -4 1 30 -48 35 25 4 31 21 45 -24 -7 14 20 -16 -7 13 -33 -28 -49 24 -20 20 -43 31 17 -47 -1 -27 12 -40 32 -40 -36 38 45 45 
-43 -44 -39 26 25 -5 -3 -10 -47 -38 -49 -50 41 42 -35 12 49 23 -10 -33 32 -33 -18 -28 41 28 45 4 -38 -32 40 -8 25 -13 19 -14 -43 -29 -7 -2 
-24 -19 -24 -19 -13 1 -47 39 2 36 19 13 -50 -19 42 -26 44 35 -27 -28 -33 -9 -28 -30 3 -26 33 36 49 49 38 -42 4 32 48 46 48 -34 13 35 
-32 -26 -15 -27 0 -33 50 10 41 -47 -44 -13 -34 27 13 -2 -15 23 -4 -49 -18 -28 2 -12 -37 -28 -6 -32 15 -5 -23 -38 26 19 -32 -11 35 -42 -49 36 
-4 -19 18 -37 2 -49 19 42 -50 36 15 8 6 -15 -31 -21 -7 -15 27 24 -28 -30 -12 -39 -43 39 31 40 14 28 5 34 -17 -42 8 15 -1 -31 -49 40 
30 -27 42 5 34 43 -2 48 -30 -10 23 15 -29 25 10 23 -8 -45 -31 -20 41 3 -37 -43 -24 -22 -37 43 -3 3 17 -1 9 -4 -50 19 -15 7 5 -42 
-40 -40 -33 -46 -31 24 5 26 -33 -49 6 26 49 -50 36 2 28 27 11 20 28 -26 -28 39 -22 -21 40 11 10 -13 -41 46 11 -48 -36 -37 42 -26 28 11 
-18 -6 -7 18 -3 13 -5 -4 -37 41 27 0 -44 45 -31 -25 4 13 -50 -43 45 33 -6 31 -37 40 36 -27 25 23 -27 12 38 23 40 -17 -48 -47 -26 -33 
19 1 47 -40 -49 7 1 20 -9 -32 -33 -26 48 49 -13 12 30 -14 20 31 4 36 -32 40 43 11 -27 -8 43 -5 7 -16 -38 35 20 43 -22 37 -31 -47 
-16 -33 -36 20 -25 -28 -13 -45 21 15 -35 38 -4 0 -16 35 -7 -36 -21 17 -38 49 15 14 -3 10 25 43 50 3 -43 -7 -6 37 33 10 39 -50 37 -18 
-30 -40 -46 -44 17 -31 -16 -1 -48 -15 -7 -3 -14 5 -15 42 46 -12 -45 -47 -32 49 -5 28 3 -13 23 -5 3 -23 46 45 9 8 -14 4 -17 -28 19 15 
-8 -21 47 17 28 -42 30 27 -29 -10 16 -35 -39 -10 6 34 42 -43 -15 -1 40 38 -23 5 17 -41 -27 7 -43 46 -22 -44 -30 3 43 43 -18 -49 -49 43 
-16 48 17 28 39 27 -29 -18 20 -7 4 -37 -17 11 12 35 -49 16 46 -27 -8 -42 -38 34 -1 46 12 -16 -7 45 -44 20 -49 -20 -1 -34 43 -46 41 8 
23 10 -45 35 3 -21 -8 40 33 -1 3 36 39 -39 10 -37 35 47 10 12 25 4 26 -17 9 11 38 -38 -6 9 -30 -49 -48 41 39 -43 2 14 -16 47 
8 43 -5 -24 -13 9 -43 26 25 -2 17 21 20 -35 28 -27 -11 32 26 -40 -13 32 19 -42 -4 -48 23 35 37 8 3 -20 41 18 -20 -27 39 -23 30 40 
-43 -31 17 -35 35 13 9 -7 50 50 -33 -13 14 50 -35 -4 28 -8 41 32 19 48 -32 8 -50 -36 40 20 33 -14 43 -1 39 -20 -31 -41 -13 -12 37 5 
34 9 12 -17 38 27 9 -12 -26 -20 12 -50 0 -33 35 42 28 32 9 -40 -14 46 -11 15 19 -37 -17 43 10 4 43 -34 -43 -27 -41 0 -4 0 31 -27 
-11 -16 4 20 19 -14 44 48 24 27 -50 4 -45 30 44 -23 27 34 48 -36 -43 48 35 -1 -15 42 -48 -22 39 -17 -18 43 2 39 -13 -4 50 -15 -5 1 
-17 -32 -8 44 36 46 -45 -19 -21 46 -22 14 26 35 -12 -40 48 41 43 38 -29 -34 -42 -31 7 -26 -47 37 -50 -28 -49 -46 14 -23 -12 0 -15 -37 1 19 
31 -32 44 -23 -32 -32 -1 15 47 13 -7 -1 31 -11 19 -33 -27 -36 39 45 -7 13 -49 -49 5 28 -26 -31 37 19 -49 41 -16 30 37 31 -5 1 18 40 
33 33 -32 24 8 -42 12 27 17 -42 -9 -13 -31 45 23 25 -19 10 -25 45 -2 35 36 40 -42 11 -33 -47 -18 15 43 8 47 40 5 -27 1 19 40 45 
