70
-4  39  9  26  46  -8  -24  -49  29  4  -28  41  44  -1  -12  -14  40  -26  -22  39  -7  -6  -42  -21  40  10  22  -16  -48  47  -22  -42  -20  1  -2  14  -20  28  46  32  -11  -16  -12  -8  -23  48  2  -9  2  -44  -16  30  41  -3  -37  43  20  45  -22  -22  39  -39  37  -48  -20  40  24  31  39  22  
0 0 0 -6 0 0 0 -21 0 0 0 0 -9 0 -30 47 0 -28 37 0 -29 49 0 0 -12 -8 -1 35 33 43 -33 0 0 0 28 0 0 -14 0 0 0 0 -31 -37 26 -50 -33 -21 0 0 0 0 6 0 5 35 -43 0 -13 0 0 0 -14 0 -36 30 0 0 0 0 
0 1 0 -4 6 0 0 36 0 0 43 0 -29 0 33 0 0 0 0 0 2 0 39 -5 0 0 0 -36 0 -9 1 21 0 0 0 0 -38 0 42 9 -25 -35 -16 -33 0 -46 -26 16 0 33 0 0 -17 0 -8 -6 11 48 0 37 0 0 0 29 0 0 -7 -9 36 -49 
0 0 -30 0 -9 -28 -41 0 0 10 0 0 0 -44 0 45 0 -9 17 0 0 -46 -12 -21 29 0 -21 0 -4 49 -18 0 0 0 0 -24 8 0 0 0 -21 5 14 49 12 38 0 0 0 24 0 -16 -20 0 0 0 -26 36 0 0 0 33 12 0 2 0 -1 -10 0 36 
-6 -4 0 18 20 44 0 -22 17 -43 0 0 0 0 0 0 12 0 28 26 0 -31 0 17 -43 0 -11 30 0 15 0 0 -31 -40 43 34 -47 0 0 0 0 15 -12 25 0 0 5 0 -6 -23 14 0 0 -46 0 0 29 28 -29 0 6 0 -46 0 0 42 0 0 12 -19 
0 6 -9 20 -35 0 0 -30 7 -35 35 0 -23 24 -22 0 -23 -36 1 3 40 0 22 0 0 0 0 0 0 0 0 24 0 0 0 0 -22 -10 16 46 0 -48 -11 -27 44 -48 49 -12 -50 0 -13 0 -17 45 21 31 0 20 -8 33 0 -40 7 0 47 0 21 -49 -19 -16 
0 0 -28 44 0 0 -28 1 -6 -37 0 -1 0 20 0 -45 0 0 0 -43 25 0 42 -48 -40 34 0 0 0 14 0 0 29 0 0 0 -18 26 0 -47 0 0 0 0 0 50 0 -24 0 0 0 0 0 0 34 4 45 13 0 -19 0 -30 -46 -50 0 10 -13 5 -13 -3 
0 0 -41 0 0 -28 -3 -2 -26 0 0 0 0 0 0 0 -28 0 0 0 0 0 0 0 36 3 0 0 -18 0 0 0 0 0 0 -12 0 -38 -36 0 25 0 26 0 0 9 -29 -19 0 43 0 -19 46 -10 -31 0 -2 -49 31 -12 0 -40 0 -20 0 0 -47 -25 -32 0 
-21 36 0 -22 -30 1 -2 21 0 46 0 0 -43 0 -29 2 -2 0 -25 18 0 -50 -42 1 29 0 0 -37 0 0 16 43 0 -48 0 19 0 -36 -29 -18 0 -22 0 -12 0 0 0 0 0 -10 6 -29 0 17 0 40 0 0 0 0 18 0 -21 -23 0 0 0 -50 0 11 
0 0 0 17 7 -6 -26 0 19 0 0 -5 -42 23 0 48 -47 -8 0 0 44 50 -1 -33 0 0 0 -50 22 30 -14 0 0 0 8 25 0 0 0 0 0 0 0 0 43 0 -40 38 29 12 0 30 0 11 35 -18 0 -48 34 0 0 -1 0 0 -16 0 49 0 -18 0 
0 0 10 -43 -35 -37 0 46 0 0 5 -33 0 -19 0 0 -34 -26 -45 0 0 0 3 0 -7 23 -7 0 0 36 0 12 -21 -4 0 0 44 -27 0 0 -10 0 48 -20 6 0 0 49 -36 -25 0 0 0 0 0 0 36 0 0 -43 0 0 0 -20 0 -28 49 0 -36 0 
0 43 0 0 35 0 0 0 0 5 -31 40 0 38 -22 0 0 0 0 13 4 0 -1 0 0 0 0 -32 -40 0 0 0 -12 -37 0 0 -8 0 0 0 -6 -10 -31 -20 -14 0 -43 13 -22 0 -44 0 -9 48 0 0 -29 0 -16 -9 0 -40 0 0 0 0 26 0 0 23 
0 0 0 0 0 -1 0 0 -5 -33 40 0 0 38 4 -2 0 -21 24 0 0 42 0 0 37 0 0 -9 0 25 -43 6 0 0 0 -24 27 31 0 0 44 0 0 50 28 -5 0 -28 -29 20 0 0 39 49 -25 0 -26 -26 5 0 0 0 0 25 0 -12 0 0 0 40 
-9 -29 0 0 -23 0 0 -43 -42 0 0 0 -24 0 34 39 0 0 0 0 -20 12 0 0 13 38 0 0 7 0 0 0 47 0 0 0 0 0 26 49 0 -38 0 0 0 0 0 0 20 0 0 0 0 -4 0 -37 39 0 0 0 -5 -32 33 -14 0 33 0 0 0 0 
0 0 -44 0 24 20 0 0 23 -19 38 38 0 0 0 -44 0 0 -21 0 0 -17 0 12 35 18 -36 0 -36 14 0 0 0 -45 0 0 -16 0 0 0 0 -44 -41 0 -44 0 36 0 0 0 -44 23 -33 0 0 0 36 -9 0 32 8 0 36 0 33 -17 -35 46 0 0 
-30 33 0 0 -22 0 0 -29 0 0 -22 4 34 0 0 4 -46 24 0 0 25 -11 0 1 0 0 0 -16 17 -47 0 1 10 49 -28 15 -25 -12 25 0 28 -3 0 0 0 -30 0 -44 0 0 22 16 4 0 0 21 0 0 0 0 1 -39 11 19 0 29 0 0 -19 0 
47 0 45 0 0 -45 0 2 48 0 0 -2 39 -44 4 -32 -13 0 0 0 0 16 -4 48 0 3 48 24 28 0 29 0 0 43 0 0 -17 21 0 37 35 0 36 13 0 0 0 0 -27 0 0 0 -14 -19 0 11 -13 0 50 0 0 0 0 15 0 0 0 0 22 5 
0 0 0 12 -23 0 -28 -2 -47 -34 0 0 0 0 -46 -13 0 36 0 4 0 10 0 0 -15 0 49 12 0 -22 0 0 0 0 0 0 15 -27 0 -10 0 0 4 0 0 22 -15 0 49 -2 0 22 -31 -13 0 7 0 0 0 -32 0 -39 49 0 48 0 -5 -48 0 0 
-28 0 -9 0 -36 0 0 0 -8 -26 0 -21 0 0 24 0 36 33 0 0 0 0 24 20 0 -26 31 0 0 22 -34 0 35 0 -17 0 0 0 0 0 -6 0 45 6 0 10 0 -14 -33 39 10 -2 0 -38 24 0 0 5 -30 45 -26 0 0 -40 0 0 0 0 -35 -34 
37 0 17 28 1 0 0 -25 0 -45 0 24 0 -21 0 0 0 0 42 -7 0 0 0 0 1 -34 -6 0 0 0 0 0 0 0 -32 0 -2 0 0 44 28 19 0 0 0 -46 -20 0 0 0 0 -9 0 0 0 3 -32 0 0 0 -27 0 -32 0 42 -42 -22 -45 0 0 
0 0 0 26 3 -43 0 18 0 0 13 0 0 0 0 0 4 0 -7 -37 8 -21 0 0 -16 -21 20 -25 -40 32 0 0 0 -4 0 -29 46 0 34 0 0 27 0 48 0 -20 35 -42 12 0 0 0 -21 2 -25 43 -2 0 0 0 0 -33 0 0 0 2 -9 -7 0 0 
-29 2 0 0 40 25 0 0 44 0 4 0 -20 0 25 0 0 0 0 8 5 0 0 0 34 0 0 -23 -38 -12 0 0 0 0 -18 0 0 -28 42 -28 41 16 0 7 44 -6 -36 0 12 0 0 0 -35 0 28 0 0 0 47 0 -43 -48 0 -21 0 0 39 15 -49 0 
49 0 -46 -31 0 0 0 -50 50 0 0 42 12 -17 -11 16 10 0 0 -21 0 -35 12 31 -27 0 21 48 26 -21 22 36 19 -30 0 -40 0 0 0 50 0 -1 0 2 0 0 0 0 0 -15 12 16 0 15 0 48 0 0 48 31 0 9 28 0 0 0 32 -36 0 -8 
0 39 -12 0 22 42 0 -42 -1 3 -1 0 0 0 0 -4 0 24 0 0 0 12 0 0 -49 0 0 0 36 0 14 0 15 24 45 0 0 24 0 0 24 11 0 38 -48 15 -46 -46 -34 -45 0 0 8 0 4 0 -22 0 10 0 0 -11 0 0 -17 0 0 0 0 26 
0 -5 -21 17 0 -48 0 1 -33 0 0 0 0 12 1 48 0 20 0 0 0 31 0 0 35 0 6 0 -34 -44 -47 32 30 -32 33 -31 9 0 0 -2 16 -32 -17 39 -16 0 15 28 7 4 0 -43 29 9 27 0 26 -46 0 -37 2 0 0 -15 0 29 0 14 15 0 
-12 0 29 -43 0 -40 36 29 0 -7 0 37 13 35 0 0 -15 0 1 -16 34 -27 -49 35 0 0 0 0 0 0 0 0 47 49 0 0 45 0 0 0 -48 0 0 35 0 -4 0 0 35 0 -26 0 -24 0 0 0 -5 0 -10 0 -35 0 -15 0 0 -27 -26 46 4 0 
-8 0 0 0 0 34 3 0 0 23 0 0 38 18 0 3 0 -26 -34 -21 0 0 0 0 0 5 0 45 -17 -11 0 0 22 0 0 50 0 0 3 -49 4 0 -8 0 0 -47 0 0 0 0 -24 -37 -47 0 -34 0 0 0 36 4 0 23 0 0 0 0 -24 -22 0 0 
-1 0 -21 -11 0 0 0 0 0 -7 0 0 0 -36 0 48 49 31 -6 20 0 21 0 6 0 0 38 -32 0 -46 0 21 0 -28 16 -44 0 0 47 0 38 46 0 0 0 -7 34 0 28 37 41 13 9 0 22 0 -42 0 0 5 -6 0 0 -17 11 0 0 0 46 -4 
35 -36 0 30 0 0 0 -37 -50 0 -32 -9 0 0 -16 24 12 0 0 -25 -23 48 0 0 0 45 -32 0 0 0 0 32 0 39 -19 0 0 0 12 0 1 -11 8 -5 24 -14 0 0 0 0 0 0 0 19 0 0 17 8 0 -2 0 -40 -7 43 0 -19 0 -30 33 0 
33 0 -4 0 0 0 -18 0 22 0 -40 0 7 -36 17 28 0 0 0 -40 -38 26 36 -34 0 -17 0 0 0 44 15 -17 0 0 0 43 -19 -26 0 -40 0 47 -36 0 -22 4 39 18 0 0 0 -46 -28 -28 36 -29 -13 23 0 0 -49 0 0 28 0 0 -38 0 0 0 
43 -9 49 15 0 14 0 0 30 36 0 25 0 14 -47 0 -22 22 0 32 -12 -21 0 -44 0 -11 -46 0 44 33 16 -49 0 0 0 20 0 12 20 29 0 12 0 -44 0 0 -14 0 0 0 0 0 8 -31 36 0 0 -5 0 -41 21 0 0 0 31 0 0 0 0 -5 
-33 1 -18 0 0 0 0 16 -14 0 0 -43 0 0 0 29 0 -34 0 0 0 22 14 -47 0 0 0 0 15 16 0 20 36 0 -9 -24 0 0 0 -48 0 0 0 0 38 0 0 -23 -41 0 -5 -29 0 1 20 0 -17 0 0 -36 -20 39 -44 31 -37 0 0 0 0 -36 
0 21 0 0 24 0 0 43 0 12 0 6 0 0 1 0 0 0 0 0 0 36 0 32 0 0 21 32 -17 -49 20 -20 0 0 -34 0 0 0 46 0 0 0 44 0 -2 -19 0 0 31 0 -23 0 0 -49 -39 -4 0 -16 27 0 0 30 0 0 0 42 18 0 0 -16 
0 0 0 -31 0 29 0 0 0 -21 -12 0 47 0 10 0 0 35 0 0 0 19 15 30 47 22 0 0 0 0 36 0 0 0 0 0 16 20 13 5 0 49 0 -29 0 4 -30 0 7 -31 0 -42 23 -9 26 38 -45 -7 0 21 14 0 0 33 8 0 7 0 0 0 
0 0 0 -40 0 0 0 -48 0 -4 -37 0 0 -45 49 43 0 0 0 -4 0 -30 24 -32 49 0 -28 39 0 0 0 0 0 0 0 0 0 0 0 -31 0 31 38 0 8 -11 0 0 0 0 10 42 -46 -46 0 23 0 0 -43 0 0 35 0 0 0 -31 0 0 0 -32 
28 0 0 43 0 0 0 0 8 0 0 0 0 0 -28 0 0 -17 -32 0 -18 0 45 33 0 0 16 -19 0 0 -9 -34 0 0 16 0 0 5 19 -23 0 22 -25 -43 0 0 0 -8 0 0 -50 0 0 -9 0 0 0 24 0 0 -8 0 0 0 26 0 -44 0 -29 0 
0 0 -24 34 0 0 -12 19 25 0 0 -24 0 0 15 0 0 0 0 -29 0 -40 0 -31 0 50 -44 0 43 20 -24 0 0 0 0 0 0 10 0 0 0 -31 0 0 -24 0 1 24 0 -19 -40 -23 -36 -15 32 50 4 0 -8 0 0 0 38 9 -32 50 0 -49 -43 0 
0 -38 8 -47 -22 -18 0 0 0 44 -8 27 0 -16 -25 -17 15 0 -2 46 0 0 0 9 45 0 0 0 -19 0 0 0 16 0 0 0 49 -15 -2 50 49 -33 0 -11 0 0 0 0 3 0 0 1 0 0 -32 0 -20 35 0 -34 29 0 0 32 0 -1 -15 33 17 0 
-14 0 0 0 -10 26 -38 -36 0 -27 0 31 0 0 -12 21 -27 0 0 0 -28 0 24 0 0 0 0 0 -26 12 0 0 20 0 5 10 -15 0 0 0 -27 0 -20 0 0 17 0 -5 37 0 0 0 0 20 0 -11 0 -29 -17 -33 0 0 0 0 40 0 45 18 0 -44 
0 42 0 0 16 0 -36 -29 0 0 0 0 26 0 25 0 0 0 0 34 42 0 0 0 0 3 47 12 0 20 0 46 13 0 19 0 -2 0 -17 0 0 -19 -33 -28 19 -18 0 0 0 0 0 0 -11 0 0 43 -11 42 -38 0 -39 0 -31 -50 0 19 19 0 0 0 
0 9 0 0 46 -47 0 -18 0 0 0 0 49 0 0 37 -10 0 44 0 -28 50 0 -2 0 -49 0 0 -40 29 -48 0 5 -31 -23 0 50 0 0 46 0 0 0 0 -11 39 34 0 25 0 0 44 8 5 0 49 -34 0 0 18 -39 19 40 0 0 0 0 27 0 -41 
0 -25 -21 0 0 0 25 0 0 -10 -6 44 0 0 28 35 0 -6 28 0 41 0 24 16 -48 4 38 1 0 0 0 0 0 0 0 0 49 -27 0 0 0 0 24 40 0 33 -17 0 0 0 35 -5 -37 -31 0 13 -50 0 -42 0 0 24 0 0 -33 0 0 25 0 0 
0 -35 5 15 -48 0 0 -22 0 0 -10 0 -38 -44 -3 0 0 0 19 27 16 -1 11 -32 0 0 46 -11 47 12 0 0 49 31 22 -31 -33 0 -19 0 0 0 -36 -35 42 36 0 -8 0 -11 5 0 33 5 -20 21 0 -7 0 0 -43 0 0 35 3 0 -10 -12 0 -26 
-31 -16 14 -12 -11 0 26 0 0 48 -31 0 0 -41 0 36 4 45 0 0 0 0 0 -17 0 -8 0 8 -36 0 0 44 0 38 -25 0 0 -20 -33 0 24 -36 0 -31 31 -46 0 0 0 0 -21 0 -32 -7 0 0 0 0 -1 43 29 0 0 0 37 0 0 0 0 0 
-37 -33 49 25 -27 0 0 -12 0 -20 -20 50 0 0 0 13 0 6 0 48 7 2 38 39 35 0 0 -5 0 -44 0 0 -29 0 -43 0 -11 0 -28 0 40 -35 -31 0 20 12 0 0 0 0 0 6 23 22 25 0 -41 -24 0 12 -1 0 35 0 -17 0 1 -48 -17 0 
26 0 12 0 44 0 0 0 43 6 -14 28 0 -44 0 0 0 0 0 0 44 0 -48 -16 0 0 0 24 -22 0 38 -2 0 8 0 -24 0 0 19 -11 0 42 31 20 -33 0 0 -35 0 -14 19 0 0 0 0 -22 0 -10 0 0 50 14 -4 41 0 -37 0 0 31 -13 
-50 -46 38 0 -48 50 9 0 0 0 0 -5 0 0 -30 0 22 10 -46 -20 -6 0 15 0 -4 -47 -7 -14 4 0 0 -19 4 -11 0 0 0 17 -18 39 33 36 -46 12 0 14 0 -43 0 17 0 38 0 0 33 0 0 -27 8 0 0 24 -17 -40 0 0 0 0 44 -29 
-33 -26 0 5 49 0 -29 0 -40 0 -43 0 0 36 0 0 -15 0 -20 35 -36 0 -46 15 0 0 34 0 39 -14 0 0 -30 0 0 1 0 0 0 34 -17 0 0 0 0 0 -1 0 37 0 0 -7 -26 0 0 12 50 -1 0 38 -31 0 0 18 0 43 -38 0 0 0 
-21 16 0 0 -12 -24 -19 0 38 49 13 -28 0 0 -44 0 0 -14 0 -42 0 0 -46 28 0 0 0 0 18 0 -23 0 0 0 -8 24 0 -5 0 0 0 -8 0 0 -35 -43 0 0 0 0 -49 32 -26 -49 0 38 0 -29 0 0 -22 0 0 0 0 0 0 -44 31 0 
0 0 0 -6 -50 0 0 0 29 -36 -22 -29 20 0 0 -27 49 -33 0 12 12 0 -34 7 35 0 28 0 0 0 -41 31 7 0 0 0 3 37 0 25 0 0 0 0 0 0 37 0 -13 0 0 45 -18 0 49 0 -39 -7 -26 0 0 39 0 -25 0 26 0 10 0 33 
0 33 24 -23 0 0 43 -10 12 -25 0 20 0 0 0 0 -2 39 0 0 0 -15 -45 4 0 0 37 0 0 0 0 0 -31 0 0 -19 0 0 0 0 0 -11 0 0 -14 17 0 0 0 0 0 0 0 42 0 0 -21 5 -2 0 38 0 -3 0 19 0 13 34 0 46 
0 0 0 14 -13 0 0 6 0 0 -44 0 0 -44 22 0 0 10 0 0 0 12 0 0 -26 -24 41 0 0 0 -5 -23 0 10 -50 -40 0 0 0 0 35 5 -21 0 19 0 0 -49 0 0 0 0 -35 0 0 0 -8 -49 0 0 0 -32 0 -36 0 0 -45 0 0 -29 
0 0 -16 0 0 0 -19 -29 30 0 0 0 0 23 16 0 22 -2 -9 0 0 16 0 -43 0 -37 13 0 -46 0 -29 0 -42 42 0 -23 1 0 0 44 -5 0 0 6 0 38 -7 32 45 0 0 0 0 -13 0 -32 0 -5 0 0 -48 27 41 0 13 0 -22 0 0 0 
6 -17 -20 0 -17 0 46 0 0 0 -9 39 0 -33 4 -14 -31 0 0 -21 -35 0 8 29 -24 -47 9 0 -28 8 0 0 23 -46 0 -36 0 0 -11 8 -37 33 -32 23 0 0 -26 -26 -18 0 -35 0 6 0 0 0 -21 0 0 0 -47 0 0 0 21 21 -23 0 0 0 
0 0 0 -46 45 0 -10 17 11 0 48 49 -4 0 0 -19 -13 -38 0 2 0 15 0 9 0 0 0 19 -28 -31 1 -49 -9 -46 -9 -15 0 20 0 5 -31 5 -7 22 0 0 0 -49 0 42 0 -13 0 28 -38 -20 0 35 0 0 0 15 38 39 0 24 0 0 22 0 
5 -8 0 0 21 34 -31 0 35 0 0 -25 0 0 0 0 0 24 0 -25 28 0 4 27 0 -34 22 0 36 36 20 -39 26 0 0 32 -32 0 0 0 0 -20 0 25 0 33 0 0 49 0 0 0 0 -38 43 4 0 5 47 0 0 0 0 0 0 0 -45 23 -14 -15 
35 -6 0 0 31 4 0 40 -18 0 0 0 -37 0 21 11 7 0 3 43 0 48 0 0 0 0 0 0 -29 0 0 -4 38 23 0 50 0 -11 43 49 13 21 0 0 -22 0 12 38 0 0 0 -32 0 -20 4 0 0 0 -12 39 47 0 0 31 -6 -19 0 26 -13 0 
-43 11 -26 29 0 45 -2 0 0 36 -29 -26 39 36 0 -13 0 0 -32 -2 0 0 -22 26 -5 0 -42 17 -13 0 -17 0 -45 0 0 4 -20 0 -11 -34 -50 0 0 -41 0 0 50 0 -39 -21 -8 0 -21 0 0 0 -20 0 -27 6 0 -29 0 0 0 11 0 -44 40 -47 
0 48 36 28 20 13 -49 0 -48 0 0 -26 0 -9 0 0 0 5 0 0 0 0 0 -46 0 0 0 8 23 -5 0 -16 -7 0 24 0 35 -29 42 0 0 -7 0 -24 -10 -27 -1 -29 -7 5 -49 -5 0 35 5 0 0 31 -8 -41 0 13 3 0 0 49 0 4 22 -2 
-13 0 0 -29 -8 0 31 0 34 0 -16 5 0 0 0 50 0 -30 0 0 47 48 10 0 -10 36 0 0 0 0 0 27 0 -43 0 -8 0 -17 -38 0 -42 0 -1 0 0 8 0 0 -26 -2 0 0 0 0 47 -12 -27 -8 0 13 0 0 0 11 18 -9 32 0 31 -48 
0 37 0 0 33 -19 -12 0 0 -43 -9 0 0 32 0 0 -32 45 0 0 0 31 0 -37 0 4 5 -2 0 -41 -36 0 21 0 0 0 -34 -33 0 18 0 0 43 12 0 0 38 0 0 0 0 0 0 0 0 39 6 -41 13 0 0 12 0 0 0 0 24 0 0 0 
0 0 0 6 0 0 0 18 0 0 0 0 -5 8 1 0 0 -26 -27 0 -43 0 0 2 -35 0 -6 0 -49 21 -20 0 14 0 -8 0 29 0 -39 -39 0 -43 29 -1 50 0 -31 -22 0 38 0 -48 -47 0 0 47 0 0 0 0 0 0 -1 -48 -8 -30 2 20 0 0 
0 0 33 0 -40 -30 -40 0 -1 0 -40 0 -32 0 -39 0 -39 0 0 -33 -48 9 -11 0 0 23 0 -40 0 0 39 30 0 35 0 0 0 0 0 19 24 0 0 0 14 24 0 0 39 0 -32 27 0 15 0 0 -29 13 0 12 0 0 0 0 0 -23 0 8 0 15 
-14 0 12 -46 7 -46 0 -21 0 0 0 0 33 36 11 0 49 0 -32 0 0 28 0 0 -15 0 0 -7 0 0 -44 0 0 0 0 38 0 0 -31 40 0 0 0 35 -4 -17 0 0 0 -3 0 41 0 38 0 0 0 3 0 0 -1 0 0 -1 0 -6 33 -34 -25 -24 
0 29 0 0 0 -50 -20 -23 0 -20 0 25 -14 0 19 15 0 -40 0 0 -21 0 0 -15 0 0 -17 43 28 0 31 0 33 0 0 9 32 0 -50 0 0 35 0 0 41 -40 18 0 -25 0 -36 0 0 39 0 31 0 0 11 0 -48 0 -1 -33 -4 -49 34 26 -41 12 
-36 0 2 0 47 0 0 0 -16 0 0 0 0 33 0 0 48 0 42 0 0 0 -17 0 0 0 11 0 0 31 -37 0 8 0 26 -32 0 40 0 0 -33 3 37 -17 0 0 0 0 0 19 0 13 21 0 0 -6 0 0 18 0 -8 0 0 -4 43 0 17 0 23 0 
30 0 0 42 0 10 0 0 0 -28 0 -12 33 -17 29 0 0 0 -42 2 0 0 0 29 -27 0 0 -19 0 0 0 42 0 -31 0 50 -1 0 19 0 0 0 0 0 -37 0 43 0 26 0 0 0 21 24 0 -19 11 49 -9 0 -30 -23 -6 -49 0 0 0 33 -25 16 
0 -7 -1 0 21 -13 -47 0 49 49 26 0 0 -35 0 0 -5 0 -22 -9 39 32 0 0 -26 -24 0 0 -38 0 0 18 7 0 -44 0 -15 45 19 0 0 -10 0 1 0 0 -38 0 0 13 -45 -22 -23 0 -45 0 0 0 32 24 2 0 33 34 17 0 0 0 -3 0 
0 -9 -10 0 -49 5 -25 -50 0 0 0 0 0 46 0 0 -48 0 -45 -7 15 -36 0 14 46 -22 0 -30 0 0 0 0 0 0 0 -49 33 18 0 27 25 -12 0 -48 0 0 0 -44 10 34 0 0 0 0 23 26 -44 4 0 0 20 8 -34 26 0 33 0 -26 0 0 
0 36 0 12 -19 -13 -32 0 -18 -36 0 0 0 0 -19 22 0 -35 0 0 -49 0 0 15 4 0 46 33 0 0 0 0 0 0 -29 -43 17 0 0 0 0 0 0 -17 31 44 0 31 0 0 0 0 0 22 -14 -13 40 22 31 0 0 0 -25 -41 23 -25 -3 0 0 0 
0 -49 36 -19 -16 -3 0 11 0 0 23 40 0 0 0 5 0 -34 0 0 0 -8 26 0 0 0 -4 0 0 -5 -36 -16 0 -32 0 0 0 -44 0 -41 0 -26 0 0 -13 -29 0 0 33 46 -29 0 0 0 -15 0 -47 -2 -48 0 0 15 -24 12 0 16 0 0 0 0 
