40
-31  -39  13  -50  31  10  -20  39  35  13  -43  47  12  40  -34  -48  -20  29  33  39  -15  32  -35  5  -45  22  -14  -40  17  -7  -18  -14  27  -9  38  -35  -11  37  10  23  
-48 -7 12 1 1 -3 39 -48 49 -15 30 -23 30 3 43 0 49 49 23 -21 0 -35 0 20 -21 -50 -36 -22 10 45 -7 13 0 49 0 -16 -32 14 -34 23 
-7 -17 -24 29 -7 14 7 -44 0 48 -28 13 -27 -34 42 23 29 0 -25 -29 0 -12 13 -45 -26 -42 0 33 0 -13 22 -48 42 10 34 0 -24 -9 0 -10 
12 -24 3 0 -38 1 -6 0 -24 -19 0 -32 -42 21 0 0 0 0 0 -39 -31 7 -7 -14 0 49 12 0 0 41 9 17 42 18 22 -46 -25 48 -4 -48 
1 29 0 35 -28 30 0 0 34 24 -16 -22 -14 0 -28 -40 34 24 0 15 -19 41 44 -24 -50 0 28 0 -43 0 0 -44 -4 0 0 44 0 42 50 -26 
1 -7 -38 -28 -28 -34 46 0 -12 -29 42 -22 -45 0 -8 -28 -38 0 47 38 32 34 36 -21 20 0 -18 -16 0 -13 0 -14 40 0 -5 0 -40 0 0 20 
-3 14 1 30 -34 47 -42 27 30 15 4 5 -46 46 38 0 -21 0 0 11 -28 42 38 0 0 -4 -39 49 30 0 -43 -46 -10 7 28 0 -5 42 0 -10 
39 7 -6 0 46 -42 35 -21 8 -33 33 0 17 -2 35 22 -42 0 -16 -18 47 46 43 0 0 -16 3 21 41 0 39 -22 42 32 8 0 48 22 0 0 
-48 -44 0 0 0 27 -21 -14 16 0 -33 0 38 36 0 0 -7 -43 0 0 -34 -48 0 0 -30 0 0 -26 -19 21 0 -50 0 0 -2 40 -32 25 6 27 
49 0 -24 34 -12 30 8 16 0 0 -1 -27 12 35 0 -27 -42 -15 3 0 -36 37 -44 28 -4 0 -21 -21 0 0 24 -49 17 8 13 38 0 26 -30 -45 
-15 48 -19 24 -29 15 -33 0 0 37 20 -34 12 22 0 -9 -40 40 -25 0 31 47 9 25 -7 0 -27 32 -29 15 -23 41 11 -23 -30 -45 47 38 35 0 
30 -28 0 -16 42 4 33 -33 -1 20 -32 0 0 -48 -15 0 22 0 0 0 10 24 -7 35 -42 8 0 0 -9 10 -22 14 0 -31 0 0 -43 36 0 -16 
-23 13 -32 -22 -22 5 0 0 -27 -34 0 24 -30 0 37 -11 0 -4 -14 -1 -24 45 0 32 0 -12 0 -33 42 -38 -30 43 0 0 48 -6 48 0 0 0 
30 -27 -42 -14 -45 -46 17 38 12 12 0 -30 -6 16 0 0 0 -24 -25 0 -21 4 44 35 -3 -31 -5 -8 46 -5 -5 -30 7 0 -28 -22 -2 -39 -42 45 
3 -34 21 0 0 46 -2 36 35 22 -48 0 16 -30 7 -32 -2 -6 -33 -26 0 0 -32 -36 44 -37 9 11 -3 20 -49 0 0 -36 -18 -1 0 0 -35 -31 
43 42 0 -28 -8 38 35 0 0 0 -15 37 0 7 0 0 6 40 -30 18 -41 3 0 21 -32 -17 -27 -41 0 0 -47 -37 -25 -34 0 0 30 0 -22 49 
0 23 0 -40 -28 0 22 0 -27 -9 0 -11 0 -32 0 -24 1 -13 -41 -20 -28 5 0 -27 0 -12 18 -30 0 -42 -42 -20 13 -32 7 41 -19 14 -35 23 
49 29 0 34 -38 -21 -42 -7 -42 -40 22 0 0 -2 6 1 34 -31 -43 0 4 -13 27 20 -22 40 5 -34 -3 -28 42 0 -12 12 -33 0 48 -45 -13 1 
49 0 0 24 0 0 0 -43 -15 40 0 -4 -24 -6 40 -13 -31 0 0 29 -20 6 -32 -44 -6 -18 30 -1 0 9 0 15 13 19 -21 -8 -22 0 48 0 
23 -25 0 0 47 0 -16 0 3 -25 0 -14 -25 -33 -30 -41 -43 0 -4 13 29 5 16 0 -14 0 -3 0 -6 -9 -16 0 0 13 0 -25 0 -44 -21 -46 
-21 -29 -39 15 38 11 -18 0 0 0 0 -1 0 -26 18 -20 0 29 13 -41 0 -16 4 -26 13 50 -40 -27 0 40 15 0 0 8 46 48 -15 -9 0 0 
0 0 -31 -19 32 -28 47 -34 -36 31 10 -24 -21 0 -41 -28 4 -20 29 0 31 -44 21 1 18 -39 0 0 -38 -25 -11 0 -24 10 4 29 18 0 0 0 
-35 -12 7 41 34 42 46 -48 37 47 24 45 4 0 3 5 -13 6 5 -16 -44 -7 0 0 -18 25 -3 33 0 0 -32 -20 19 47 -20 0 0 0 0 0 
0 13 -7 44 36 38 43 0 -44 9 -7 0 44 -32 0 0 27 -32 16 4 21 0 42 0 0 -29 -23 0 -14 -8 -5 -33 45 -43 0 36 38 27 -27 -34 
20 -45 -14 -24 -21 0 0 0 28 25 35 32 35 -36 21 -27 20 -44 0 -26 1 0 0 -40 27 3 3 24 0 -28 34 0 0 19 27 43 -35 -7 31 -29 
-21 -26 0 -50 20 0 0 -30 -4 -7 -42 0 -3 44 -32 0 -22 -6 -14 13 18 -18 0 27 15 0 -14 44 45 20 -35 -40 0 0 -30 -22 -45 -9 0 -19 
-50 -42 49 0 0 -4 -16 0 0 0 8 -12 -31 -37 -17 -12 40 -18 0 50 -39 25 -29 3 0 -39 41 0 -43 -6 0 0 3 0 0 0 0 26 19 8 
-36 0 12 28 -18 -39 3 0 -21 -27 0 0 -5 9 -27 18 5 30 -3 -40 0 -3 -23 3 -14 41 20 32 0 -33 -26 -33 -32 34 41 -28 -28 0 0 0 
-22 33 0 0 -16 49 21 -26 -21 32 0 -33 -8 11 -41 -30 -34 -1 0 -27 0 33 0 24 44 0 32 10 -32 0 -16 -10 -32 -41 0 18 26 0 8 -35 
10 0 0 -43 0 30 41 -19 0 -29 -9 42 46 -3 0 0 -3 0 -6 0 -38 0 -14 0 45 -43 0 -32 0 0 -22 13 -45 29 21 -35 -35 -44 43 -31 
45 -13 41 0 -13 0 0 21 0 15 10 -38 -5 20 0 -42 -28 9 -9 40 -25 0 -8 -28 20 -6 -33 0 0 -36 -3 -23 -31 -37 14 2 -42 0 -37 0 
-7 22 9 0 0 -43 39 0 24 -23 -22 -30 -5 -49 -47 -42 42 0 -16 15 -11 -32 -5 34 -35 0 -26 -16 -22 -3 -44 0 4 26 -28 42 0 -37 -22 14 
13 -48 17 -44 -14 -46 -22 -50 -49 41 14 43 -30 0 -37 -20 0 15 0 0 0 -20 -33 0 -40 0 -33 -10 13 -23 0 -16 15 17 -1 12 -10 9 -20 -32 
0 42 42 -4 40 -10 42 0 17 11 0 0 7 0 -25 13 -12 13 0 0 -24 19 45 0 0 3 -32 -32 -45 -31 4 15 0 -43 0 20 0 21 -5 10 
49 10 18 0 0 7 32 0 8 -23 -31 0 0 -36 -34 -32 12 19 13 8 10 47 -43 19 0 0 34 -41 29 -37 26 17 -43 -1 0 -43 0 -49 2 17 
0 34 22 0 -5 28 8 -2 13 -30 0 48 -28 -18 0 7 -33 -21 0 46 4 -20 0 27 -30 0 41 0 21 14 -28 -1 0 0 -23 0 0 0 0 -28 
-16 0 -46 44 0 0 0 40 38 -45 0 -6 -22 -1 0 41 0 -8 -25 48 29 0 36 43 -22 0 -28 18 -35 2 42 12 20 -43 0 -1 0 -16 28 22 
-32 -24 -25 0 -40 -5 48 -32 0 47 -43 48 -2 0 30 -19 48 -22 0 -15 18 0 38 -35 -45 0 -28 26 -35 -42 0 -10 0 0 0 0 0 39 23 40 
14 -9 48 42 0 42 22 25 26 38 36 0 -39 0 0 14 -45 0 -44 -9 0 0 27 -7 -9 26 0 0 -44 0 -37 9 21 -49 0 -16 39 0 0 47 
-34 0 -4 50 0 0 0 6 -30 35 0 0 -42 -35 -22 -35 -13 48 -21 0 0 0 -27 31 0 19 0 8 43 -37 -22 -20 -5 2 0 28 23 0 0 49 
23 -10 -48 -26 20 -10 0 27 -45 0 -16 0 45 -31 49 23 1 0 -46 0 0 0 -34 -29 -19 8 0 -35 -31 0 14 -32 10 17 -28 22 40 47 49 -31 
