30
-23  31  4  -16  -35  0  -35  42  -1  42  -18  -4  2  40  -38  -10  -42  42  32  -10  17  4  11  36  49  -42  7  41  -10  -25  
-48 -7 12 1 -44 -30 -16 -44 -11 -46 42 -22 -11 36 32 -32 1 -38 -39 -28 42 38 28 -42 -37 18 -34 0 25 -16 
-7 -17 -24 29 -41 -2 -7 48 24 16 4 5 -30 35 -15 -3 34 39 15 47 46 43 25 -33 -17 5 -1 40 -45 -22 
12 -24 3 -1 10 -11 28 10 -49 -8 33 49 -7 22 37 19 49 -21 38 -34 -48 -35 35 13 -12 30 -49 45 45 -3 
1 29 -1 -42 -40 8 46 -33 -23 16 -33 -27 -21 -48 -15 -26 33 17 11 -36 37 -18 32 -20 40 -3 41 -43 -10 -44 
-44 -41 10 -40 -15 20 -42 2 -48 39 -1 -34 46 -40 31 26 24 -12 -18 31 47 2 35 38 -18 -40 33 -2 -6 13 
-30 -2 -11 8 20 0 35 -46 -11 -37 20 -29 -30 -22 -30 34 46 46 35 10 24 42 -36 -22 18 -30 -28 49 -49 -48 
-16 -7 28 46 -42 35 -48 -6 -9 25 -32 15 -6 -11 31 -38 14 3 46 -24 45 44 21 -6 -4 11 -24 45 16 17 
-44 48 10 -33 2 -46 -6 -18 5 4 -23 -47 3 7 -40 -21 12 -25 -1 -21 4 -32 -27 -14 -38 -2 46 -13 31 -44 
-11 24 -49 -23 -48 -11 -9 5 -39 42 13 21 -34 20 -28 -42 -34 6 -37 -49 6 50 20 13 8 -6 32 41 -29 -14 
-46 16 -8 16 39 -37 25 4 42 -16 -32 -47 21 1 22 -7 33 -50 1 -16 -46 27 -44 18 5 -25 10 20 -13 -46 
42 4 33 -33 -1 20 -32 -23 13 -32 -22 9 28 -50 27 -42 -4 -25 -17 6 25 -32 -36 -18 36 1 10 37 28 -22 
-22 5 49 -27 -34 -29 15 -47 21 -47 9 -44 46 6 -27 -40 -24 -16 28 0 18 16 -49 -26 -39 3 37 4 24 -50 
-11 -30 -7 -21 46 -30 -6 3 -34 21 28 46 -2 18 -9 22 -6 -44 29 1 -29 4 35 20 -36 -2 -43 38 -23 -49 
36 35 22 -48 -40 -22 -11 7 20 1 -50 6 18 43 14 49 40 0 13 32 -2 21 -4 -38 -30 38 -44 15 -22 41 
32 -15 37 -15 31 -30 31 -40 -28 22 27 -27 -9 14 36 -2 -13 44 -41 31 16 -42 -3 25 -6 -29 -38 10 -30 14 
-32 -3 19 -26 26 34 -38 -21 -42 -7 -42 -40 22 49 -2 6 -31 -4 33 -35 -13 -5 -19 -26 -45 -38 14 -38 -5 43 
1 34 49 33 24 46 14 12 -34 33 -4 -24 -6 40 -13 -31 -13 -21 -31 -12 48 -11 46 47 -3 13 37 -5 -49 -30 
-38 39 -21 17 -12 46 3 -25 6 -50 -25 -16 -44 0 44 -4 -21 -29 -19 7 13 17 -50 8 14 -7 -29 20 -47 23 
-39 15 38 11 -18 35 46 -1 -37 1 -17 28 29 13 -41 33 -31 -19 32 41 -7 5 20 -4 33 -11 -9 0 -42 3 
-28 47 -34 -36 31 10 -24 -21 -49 -16 6 0 1 32 31 -35 -12 7 41 34 44 -30 26 47 -21 3 42 -42 42 39 
42 46 -48 37 47 24 45 4 6 -46 25 18 -29 -2 16 -13 48 13 -7 44 36 35 -30 50 -27 34 46 -28 -1 15 
38 43 -35 -18 2 42 44 -32 50 27 -32 16 4 21 -42 -5 -11 17 5 -30 35 48 -4 8 30 -33 -3 9 -50 41 
28 25 35 32 35 -36 21 -27 20 -44 -36 -49 35 -4 -3 -19 46 -50 20 26 -30 -4 -7 -12 -5 -8 49 -9 -18 17 
-42 -33 13 -20 38 -22 -6 -14 13 18 -18 -26 20 -38 25 -26 47 8 -4 47 50 8 -12 -31 9 11 -3 40 12 -43 
-37 -17 -12 40 -18 18 -4 -38 8 5 36 -39 -36 -30 -6 -45 -3 14 33 -21 -27 30 -5 9 -27 -41 -7 -25 6 40 
18 5 30 -3 -40 -30 11 -2 -6 -25 1 3 -2 38 -29 -38 13 -7 -11 3 34 -33 -8 11 -41 -30 46 4 -12 -40 
-34 -1 -49 41 33 -28 -24 46 32 10 10 37 -43 -44 -38 14 37 -29 -9 42 46 -3 49 -3 -7 46 -38 -41 23 1 
0 40 45 -43 -2 49 45 -13 41 20 37 4 38 15 10 -38 -5 20 0 -42 -28 9 -9 40 -25 4 -41 -40 42 -2 
25 -45 45 -10 -6 -49 16 31 -29 -13 28 24 -23 -22 -30 -5 -49 -47 -42 42 -1 -50 -18 12 6 -12 23 42 -26 -29 
-16 -22 -3 -44 13 -48 17 -44 -14 -46 -22 -50 -49 41 14 43 -30 23 3 39 15 41 17 -43 40 -40 1 -2 -29 3 
