30
-19  2  17  -11  -9  -29  -34  12  48  -41  16  10  25  -18  -24  -22  34  35  32  -22  -12  -21  19  -27  25  30  3  -33  -24  7  
21 1 -30 -22 20 17 -21 25 -3 -2 -5 34 -13 45 -35 11 -45 37 8 41 17 29 12 -13 -26 14 -8 24 -25 -4 
1 40 -6 9 -35 35 36 19 -44 25 -33 -24 -26 34 30 -8 -9 4 5 39 -35 -42 38 -50 -24 -17 -49 9 50 -10 
-30 -6 -4 6 28 -41 -22 17 -30 42 40 40 47 -45 -28 -26 -2 -41 49 -12 24 29 18 -25 29 50 -49 43 10 -28 
-22 9 6 -9 -28 6 -5 7 -40 -14 -36 -44 -2 -20 -2 -44 -8 -40 -37 -6 1 37 -35 16 22 -21 -49 -22 8 -29 
20 -35 28 -28 44 -28 -30 -6 5 -31 -46 -21 34 -35 -47 49 40 -50 -38 -9 -33 13 21 21 45 -32 -15 36 35 -21 
17 35 -41 6 -28 -3 -42 -26 46 23 23 -35 -41 0 -34 -2 29 -29 23 22 11 35 -26 -41 -32 -13 48 6 12 50 
-21 36 -22 -5 -30 -42 -14 -27 4 48 -2 34 34 -43 30 13 -25 7 4 -42 47 7 -34 18 -24 -50 43 43 -21 -28 
25 19 17 7 -6 -26 -27 15 -24 4 15 -14 -19 -44 20 36 37 -1 -50 -1 12 -15 -21 -24 24 1 -16 1 -24 39 
-3 -44 -30 -40 5 46 4 -24 34 -1 -7 -36 -7 -5 -46 33 7 -11 50 3 1 -38 20 -26 -4 14 -31 16 -25 40 
-2 25 42 -14 -31 23 48 4 -1 29 -45 -8 -41 -43 -13 37 26 5 7 -1 48 -21 16 -3 17 27 19 16 -15 32 
-5 -33 40 -36 -46 23 -2 15 -7 -45 46 -35 4 -43 -37 -5 3 -23 42 18 -36 -18 -35 33 -29 30 -42 11 -33 1 
34 -24 40 -44 -21 -35 34 -14 -36 -8 -35 30 -27 -6 32 -4 -43 27 12 23 47 -33 -48 30 20 36 27 36 36 28 
-13 -26 47 -2 34 -41 34 -19 -7 -41 4 -27 25 8 -9 -39 -1 4 -17 -4 6 -34 35 38 22 -42 15 -48 2 16 
45 34 -45 -20 -35 0 -43 -44 -5 -43 -43 -6 8 -13 -23 38 29 -46 -11 -14 31 -8 -21 -10 -15 6 29 19 -21 43 
-35 30 -28 -2 -47 -34 30 20 -46 -13 -37 32 -9 -23 20 -28 -42 24 16 50 24 41 -11 -24 18 14 -36 -45 26 43 
11 -8 -26 -44 49 -2 13 36 33 37 -5 -4 -39 38 -28 41 8 25 10 5 -12 -8 48 15 7 -47 12 -16 0 44 
-45 -9 -2 -8 40 29 -25 37 7 26 3 -43 -1 29 -42 8 4 23 20 12 -40 3 49 -32 -36 -21 9 -35 6 8 
37 4 -41 -40 -50 -29 7 -1 -11 5 -23 27 4 -46 24 25 23 44 -21 3 0 15 -22 -9 17 -45 22 -40 -40 50 
8 5 49 -37 -38 23 4 -50 50 7 42 12 -17 -11 16 10 20 -21 -11 -5 33 34 23 -6 28 41 14 -18 3 9 
41 39 -12 -6 -9 22 -42 -1 3 -1 18 23 -4 -14 50 5 12 3 -5 -21 -40 3 18 -41 17 32 -47 -8 -7 -11 
17 -35 24 1 -33 11 47 12 1 48 -36 47 6 31 24 -12 -40 0 33 -40 36 5 -36 -30 -26 -12 1 44 31 40 
29 -42 29 37 13 35 7 -15 -38 -21 -18 -33 -34 -8 41 -8 3 15 34 3 5 23 -28 -49 -17 -21 21 48 -4 -14 
12 38 18 -35 21 -26 -34 -21 20 16 -35 -48 35 -21 -11 48 49 -22 23 18 -36 -28 -38 20 -8 -18 15 -31 -37 -33 
-13 -50 -25 16 21 -41 18 -24 -26 -3 33 30 38 -10 -24 15 -32 -9 -6 -41 -30 -49 20 -46 -22 19 16 -42 46 17 
-26 -24 29 22 45 -32 -24 24 -4 17 -29 20 22 -15 18 7 -36 17 28 17 -26 -17 -8 -22 -5 -11 12 45 -45 -18 
14 -17 50 -21 -32 -13 -50 1 14 27 30 36 -42 6 14 -47 -21 -45 41 32 -12 -21 -18 19 -11 -46 21 8 49 -41 
-8 -49 -49 -49 -15 48 43 -16 -31 19 -42 27 15 29 -36 12 9 22 14 -47 1 21 15 16 12 21 24 -21 43 -9 
24 9 43 -22 36 6 43 1 16 16 11 36 -48 19 -45 -16 -35 -40 -18 -8 44 48 -31 -42 45 8 -21 -12 0 33 
-25 50 10 8 35 12 -21 -24 -25 -15 -33 36 2 -21 26 0 6 -40 3 -7 31 -4 -37 46 -45 49 43 0 16 -45 
-4 -10 -28 -29 -21 50 -28 39 40 32 1 28 16 43 43 44 8 50 9 -11 40 -14 -33 17 -18 -41 -9 33 -45 -5 
