40
49  40  -34  -29  38  -21  -40  10  -36  -43  14  48  -31  36  13  37  -17  -15  7  -28  -20  -38  35  -3  -36  41  -29  -46  -1  15  5  17  -8  34  11  -30  39  -43  -14  11  
21 1 -30 -22 20 17 -21 25 -3 -2 -5 34 -13 45 -35 11 -45 37 8 41 17 29 12 -13 -26 14 -8 24 -25 -4 2 -26 -14 -12 -9 -20 -46 -29 -35 20 
1 40 -6 9 -35 35 36 19 -44 25 -33 -24 -26 34 30 -8 -9 4 5 39 -35 -42 38 -50 -24 -17 -49 9 50 -10 -11 -26 -30 30 -20 -47 -15 -5 -31 -48 
-30 -6 -4 6 28 -41 -22 17 -30 42 40 40 47 -45 -28 -26 -2 -41 49 -12 24 29 18 -25 29 50 -49 43 10 -28 -29 -13 40 19 -30 -8 -30 -42 -7 50 
-22 9 6 -9 -28 6 -5 7 -40 -14 -36 -44 -2 -20 -2 -44 -8 -40 -37 -6 1 37 -35 16 22 -21 -49 -22 8 -29 12 -38 -27 -14 46 47 -17 -41 33 9 
20 -35 28 -28 44 -28 -30 -6 5 -31 -46 -21 34 -35 -47 49 40 -50 -38 -9 -33 13 21 21 45 -32 -15 36 35 -21 -41 -17 -20 -2 -49 22 -33 39 12 11 
17 35 -41 6 -28 -3 -42 -26 46 23 23 -35 -41 0 -34 -2 29 -29 23 22 11 35 -26 -41 -32 -13 48 6 12 50 10 7 19 22 29 34 41 -37 -27 6 
-21 36 -22 -5 -30 -42 -14 -27 4 48 -2 34 34 -43 30 13 -25 7 4 -42 47 7 -34 18 -24 -50 43 43 -21 -28 -18 35 -2 48 -40 11 -19 -33 4 -5 
25 19 17 7 -6 -26 -27 15 -24 4 15 -14 -19 -44 20 36 37 -1 -50 -1 12 -15 -21 -24 24 1 -16 1 -24 39 -22 44 -6 -29 29 -38 4 49 50 49 
-3 -44 -30 -40 5 46 4 -24 34 -1 -7 -36 -7 -5 -46 33 7 -11 50 3 1 -38 20 -26 -4 14 -31 16 -25 40 35 -8 -45 -13 -48 -25 -22 25 43 -30 
-2 25 42 -14 -31 23 48 4 -1 29 -45 -8 -41 -43 -13 37 26 5 7 -1 48 -21 16 -3 17 27 19 16 -15 32 -22 27 20 -33 -24 13 -36 -27 6 -21 
-5 -33 40 -36 -46 23 -2 15 -7 -45 46 -35 4 -43 -37 -5 3 -23 42 18 -36 -18 -35 33 -29 30 -42 11 -33 1 -21 -8 7 6 -7 5 -9 2 -14 -27 
34 -24 40 -44 -21 -35 34 -14 -36 -8 -35 30 -27 -6 32 -4 -43 27 12 23 47 -33 -48 30 20 36 27 36 36 28 -27 -42 -28 20 -11 -50 -11 -12 28 -18 
-13 -26 47 -2 34 -41 34 -19 -7 -41 4 -27 25 8 -9 -39 -1 4 -17 -4 6 -34 35 38 22 -42 15 -48 2 16 30 -43 -24 -7 4 -31 -30 -8 -35 -48 
45 34 -45 -20 -35 0 -43 -44 -5 -43 -43 -6 8 -13 -23 38 29 -46 -11 -14 31 -8 -21 -10 -15 6 29 19 -21 43 -33 -31 27 -39 50 -14 5 -17 16 -4 
-35 30 -28 -2 -47 -34 30 20 -46 -13 -37 32 -9 -23 20 -28 -42 24 16 50 24 41 -11 -24 18 14 -36 -45 26 43 7 25 13 -21 23 -8 26 -2 47 -6 
11 -8 -26 -44 49 -2 13 36 33 37 -5 -4 -39 38 -28 41 8 25 10 5 -12 -8 48 15 7 -47 12 -16 0 44 -30 -2 5 -13 46 29 7 42 23 -37 
-45 -9 -2 -8 40 29 -25 37 7 26 3 -43 -1 29 -42 8 4 23 20 12 -40 3 49 -32 -36 -21 9 -35 6 8 41 46 -26 40 -39 -11 48 39 -49 27 
37 4 -41 -40 -50 -29 7 -1 -11 5 -23 27 4 -46 24 25 23 44 -21 3 0 15 -22 -9 17 -45 22 -40 -40 50 39 14 12 -2 -37 37 -31 13 7 -4 
8 5 49 -37 -38 23 4 -50 50 7 42 12 -17 -11 16 10 20 -21 -11 -5 33 34 23 -6 28 41 14 -18 3 9 -23 -13 11 -21 29 -41 31 -24 -48 -47 
41 39 -12 -6 -9 22 -42 -1 3 -1 18 23 -4 -14 50 5 12 3 -5 -21 -40 3 18 -41 17 32 -47 -8 -7 -11 40 -13 20 45 3 49 -41 2 -16 -7 
17 -35 24 1 -33 11 47 12 1 48 -36 47 6 31 24 -12 -40 0 33 -40 36 5 -36 -30 -26 -12 1 44 31 40 -40 11 -13 9 25 -38 -16 48 14 -14 
29 -42 29 37 13 35 7 -15 -38 -21 -18 -33 -34 -8 41 -8 3 15 34 3 5 23 -28 -49 -17 -21 21 48 -4 -14 -2 12 -43 16 1 -44 -44 7 -12 4 
12 38 18 -35 21 -26 -34 -21 20 16 -35 -48 35 -21 -11 48 49 -22 23 18 -36 -28 -38 20 -8 -18 15 -31 -37 -33 42 -19 -49 46 -10 -3 -34 2 -29 3 
-13 -50 -25 16 21 -41 18 -24 -26 -3 33 30 38 -10 -24 15 -32 -9 -6 -41 -30 -49 20 -46 -22 19 16 -42 46 17 50 42 31 -47 -6 45 48 38 4 -19 
-26 -24 29 22 45 -32 -24 24 -4 17 -29 20 22 -15 18 7 -36 17 28 17 -26 -17 -8 -22 -5 -11 12 45 -45 -18 -44 -15 -13 -43 44 -12 20 39 38 4 
14 -17 50 -21 -32 -13 -50 1 14 27 30 36 -42 6 14 -47 -21 -45 41 32 -12 -21 -18 19 -11 -46 21 8 49 -41 -21 13 13 30 19 -44 41 35 -2 -11 
-8 -49 -49 -49 -15 48 43 -16 -31 19 -42 27 15 29 -36 12 9 22 14 -47 1 21 15 16 12 21 24 -21 43 -9 -2 11 -1 8 28 -23 -17 10 -13 17 
24 9 43 -22 36 6 43 1 16 16 11 36 -48 19 -45 -16 -35 -40 -18 -8 44 48 -31 -42 45 8 -21 -12 0 33 -39 49 14 -40 35 -21 -23 -5 19 -33 
-25 50 10 8 35 12 -21 -24 -25 -15 -33 36 2 -21 26 0 6 -40 3 -7 31 -4 -37 46 -45 49 43 0 16 -45 18 -14 -36 14 -37 -4 49 -12 -24 -2 
-4 -10 -28 -29 -21 50 -28 39 40 32 1 28 16 43 43 44 8 50 9 -11 40 -14 -33 17 -18 -41 -9 33 -45 -5 32 17 -29 -49 -46 -18 8 21 30 -45 
2 -11 -29 12 -41 10 -18 -22 35 -22 -21 -27 30 -33 7 -30 41 39 -23 40 -40 -2 42 50 -44 -21 -2 -39 18 32 28 -7 17 -11 2 6 -36 -22 19 -50 
-26 -26 -13 -38 -17 7 35 44 -8 27 -8 -42 -43 -31 25 -2 46 14 -13 -13 11 12 -19 42 -15 13 11 49 -14 17 -7 -20 43 14 41 -12 27 40 -11 -13 
-14 -30 40 -27 -20 19 -2 -6 -45 20 7 -28 -24 27 13 5 -26 12 11 20 -13 -43 -49 31 -13 13 -1 14 -36 -29 17 43 26 44 -22 -6 44 -43 -44 -47 
-12 30 19 -14 -2 22 48 -29 -13 -33 6 20 -7 -39 -21 -13 40 -2 -21 45 9 16 46 -47 -43 30 8 -40 14 -49 -11 14 44 -13 -43 -11 -17 -27 -45 -10 
-9 -20 -30 46 -49 29 -40 29 -48 -24 -7 -11 4 50 23 46 -39 -37 29 3 25 1 -10 -6 44 19 28 35 -37 -46 2 41 -22 -43 -19 -21 -37 7 -12 15 
-20 -47 -8 47 22 34 11 -38 -25 13 5 -50 -31 -14 -8 29 -11 37 -41 49 -38 -44 -3 45 -12 -44 -23 -21 -4 -18 6 -12 -6 -11 -21 3 38 -28 -27 14 
-46 -15 -30 -17 -33 41 -19 4 -22 -36 -9 -11 -30 5 26 7 48 -31 31 -41 -16 -44 -34 48 20 41 -17 -23 49 8 -36 27 44 -17 -37 38 -9 0 -41 -33 
-29 -5 -42 -41 39 -37 -33 49 25 -27 2 -12 -8 -17 -2 42 39 13 -24 2 48 7 2 38 39 35 10 -5 -12 21 -22 40 -43 -27 7 -28 0 40 -13 -26 
-35 -31 -7 33 12 -27 4 50 43 6 -14 28 -35 16 47 23 -49 7 -48 -16 14 -12 -29 4 38 -2 -13 19 -24 30 19 -11 -44 -45 -12 -27 -41 -13 -22 -22 
20 -48 50 9 11 6 -5 49 -30 -21 -27 -18 -48 -4 -6 -37 27 -4 -47 -7 -14 4 3 -19 4 -11 17 -33 -2 -45 -50 -13 -47 -10 15 14 -33 -26 -22 -37 
