150
47  16  -17  -41  -21  39  -24  -29  17  -14  -24  -43  -8  -7  23  39  26  1  17  21  23  -31  -40  15  43  28  12  19  -7  46  -14  35  23  41  -7  -4  -33  47  14  -28  21  -6  17  27  19  -48  22  9  6  3  5  32  -40  -16  -14  11  -41  -32  -45  19  -34  32  -36  31  -42  -1  -29  -9  -29  -38  29  5  -43  48  -35  -45  9  20  27  17  -48  -34  3  -7  37  4  25  18  -34  27  31  -43  27  5  18  -2  23  1  -23  35  -15  13  38  3  -28  -20  22  38  -37  47  32  -2  1  22  -10  46  -18  44  -28  9  14  -9  34  -30  -14  27  -27  32  -37  38  50  -38  -10  -2  -28  -32  -39  -31  -33  -33  11  -39  35  4  8  8  48  -49  46  22  
21 1 -30 -22 20 17 -21 25 -3 -2 -5 34 -13 45 -35 11 -45 37 8 41 17 29 12 -13 -26 14 -8 24 -25 -4 2 -26 -14 -12 -9 -20 -46 -29 -35 20 40 5 -4 10 40 50 17 -25 26 -29 35 15 -47 44 49 -12 31 28 13 27 23 -44 -50 25 29 7 31 -8 45 -7 -18 -33 -48 -43 25 -9 8 21 13 -30 29 -47 23 -16 46 -33 34 42 -31 -2 11 -20 50 -17 -38 50 9 28 49 -32 -20 37 46 17 -50 -6 15 15 -48 -4 -19 30 -10 -37 -3 22 -5 -3 18 5 -34 -49 -36 43 -47 18 19 40 11 -35 14 7 -29 -25 -2 -39 19 19 -32 16 8 -50 -26 -11 44 41 -23 -24 31 -28 
1 40 -6 9 -35 35 36 19 -44 25 -33 -24 -26 34 30 -8 -9 4 5 39 -35 -42 38 -50 -24 -17 -49 9 50 -10 -11 -26 -30 30 -20 -47 -15 -5 -31 -48 -29 -44 -30 -11 -49 -17 11 42 48 -29 -29 8 -3 -1 -32 33 17 -30 49 -18 -8 30 13 40 -48 -3 -32 34 -13 -43 21 -22 42 25 22 -44 -50 -23 16 -40 44 4 1 -12 2 11 -21 45 5 15 -18 38 -7 -46 -3 -31 -23 19 28 -16 -40 -9 30 1 -29 17 28 24 19 48 -9 47 -43 40 -47 -46 47 37 10 -25 17 -17 2 27 39 -29 44 -11 47 -3 31 -39 28 32 8 11 47 -49 17 39 -45 -17 -22 50 17 -23 -9 -7 11 -28 
-30 -6 -4 6 28 -41 -22 17 -30 42 40 40 47 -45 -28 -26 -2 -41 49 -12 24 29 18 -25 29 50 -49 43 10 -28 -29 -13 40 19 -30 -8 -30 -42 -7 50 -21 16 18 27 39 -26 -23 42 13 16 42 3 31 -48 3 -7 -23 -23 -9 -36 26 -3 -21 28 33 49 -41 19 5 -7 -30 0 -27 -1 -48 -3 48 -9 37 -7 -3 -25 2 -8 21 30 5 -35 -36 -48 35 43 3 -35 36 42 -30 -26 -37 44 49 -18 -19 -21 49 49 14 -1 -22 34 -22 -35 0 30 28 8 -15 -6 -17 26 11 -43 -25 -24 47 -23 -22 5 26 -4 41 48 -36 -24 29 -41 -47 -16 45 -1 -38 35 42 11 18 -9 -9 -48 -2 34 
-22 9 6 -9 -28 6 -5 7 -40 -14 -36 -44 -2 -20 -2 -44 -8 -40 -37 -6 1 37 -35 16 22 -21 -49 -22 8 -29 12 -38 -27 -14 46 47 -17 -41 33 9 10 -14 28 37 36 48 -16 -50 38 -17 12 -26 4 24 28 -20 5 -6 -10 48 43 43 14 -3 -36 3 -39 26 7 -36 -3 21 -20 36 4 -8 -20 16 -35 -43 -9 3 16 -35 -23 28 50 36 13 -21 -28 -37 -5 21 -46 -26 25 -45 36 29 -3 19 46 27 45 31 -15 -32 15 -32 31 16 -42 -17 22 -21 -21 -48 -12 11 -46 26 32 -42 14 -28 7 29 -6 -9 -3 4 -46 5 1 46 38 -38 -26 -32 -3 5 -7 -32 8 15 -14 -17 30 31 
20 -35 28 -28 44 -28 -30 -6 5 -31 -46 -21 34 -35 -47 49 40 -50 -38 -9 -33 13 21 21 45 -32 -15 36 35 -21 -41 -17 -20 -2 -49 22 -33 39 12 11 -43 -46 9 17 -11 34 -15 45 37 -5 -7 -2 -45 -32 10 21 13 -49 -23 42 -41 45 23 5 35 10 41 39 -27 26 28 -28 -6 46 -40 -36 -21 44 -23 -34 -28 23 36 -7 -39 29 -34 -30 40 33 -40 28 -29 -47 -34 25 -49 28 43 -42 -1 34 -42 -8 50 20 -21 -27 -28 -10 -44 -37 22 5 43 -30 38 -27 -18 -32 -35 1 26 5 -33 17 22 -15 31 -32 -26 22 11 -40 -11 -28 -28 -46 -38 17 -22 -31 36 -23 5 -7 -25 -38 -38 6 
17 35 -41 6 -28 -3 -42 -26 46 23 23 -35 -41 0 -34 -2 29 -29 23 22 11 35 -26 -41 -32 -13 48 6 12 50 10 7 19 22 29 34 41 -37 -27 6 48 15 0 -11 21 -9 27 -25 -29 30 -26 8 3 -18 -15 -50 21 18 -38 -19 49 -22 45 -37 16 3 46 -35 -30 43 -30 -40 -46 -42 23 19 40 -24 29 -19 28 14 42 -20 47 18 0 23 -26 40 45 -2 -5 49 42 38 -37 -40 -21 26 26 27 15 43 17 28 -27 -32 -22 -18 -33 -24 -13 31 48 33 -27 -4 0 -26 10 49 -8 -34 45 31 -13 45 44 -43 47 -5 50 27 -49 -43 13 18 -23 14 15 23 -48 47 -9 -15 6 -28 47 36 
-21 36 -22 -5 -30 -42 -14 -27 4 48 -2 34 34 -43 30 13 -25 7 4 -42 47 7 -34 18 -24 -50 43 43 -21 -28 -18 35 -2 48 -40 11 -19 -33 4 -5 36 -16 -46 10 33 39 -43 28 30 -30 -19 11 3 -41 47 29 42 0 -11 22 -3 -39 7 10 -20 45 -13 14 5 40 40 -22 -37 -30 -44 32 -10 38 -1 38 -35 -36 37 -3 10 34 -7 37 41 -35 1 -22 40 38 -42 6 38 14 33 17 -44 39 13 -45 11 10 16 15 -35 -21 -16 49 1 -7 16 -43 9 13 -15 -37 39 -9 44 -37 42 -47 -34 21 -22 33 -46 -8 -25 -45 -25 48 44 -17 -6 22 -28 4 31 46 -40 -38 -3 -30 -16 -4 
25 19 17 7 -6 -26 -27 15 -24 4 15 -14 -19 -44 20 36 37 -1 -50 -1 12 -15 -21 -24 24 1 -16 1 -24 39 -22 44 -6 -29 29 -38 4 49 50 49 37 -2 -9 -14 -19 -48 -7 -46 -4 -44 -36 47 18 -36 -7 35 -6 -7 -1 -47 -41 -48 21 -16 12 -38 -43 -34 14 43 19 -38 39 -14 -34 33 1 34 24 -22 9 -2 -1 -31 32 -50 -2 48 24 -1 13 13 40 33 -41 4 -29 26 2 -26 25 3 -2 -41 -47 37 -45 37 -28 -23 -4 -31 40 50 -6 42 -8 -5 -48 -36 24 27 21 -37 42 2 3 -43 0 6 1 30 34 -25 -44 26 14 -38 -44 -19 17 4 -16 -49 -22 -42 -7 -4 -2 28 
-3 -44 -30 -40 5 46 4 -24 34 -1 -7 -36 -7 -5 -46 33 7 -11 50 3 1 -38 20 -26 -4 14 -31 16 -25 40 35 -8 -45 -13 -48 -25 -22 25 43 -30 -15 28 14 17 -29 -2 -1 -17 38 50 -42 -12 12 11 50 38 27 -1 16 10 -22 40 -4 8 22 39 39 -26 2 -16 -27 34 -32 -38 -11 2 28 -48 -45 -25 -6 13 30 30 -14 -28 13 18 -14 9 5 -32 33 37 -33 5 33 -49 5 -49 43 48 31 0 48 -8 25 -29 17 4 30 45 -17 9 16 -5 -4 -38 4 -47 -18 37 41 5 -13 41 21 -25 -12 34 46 -35 -23 9 33 -2 8 -4 17 -4 -5 -32 -36 29 48 -26 -43 -8 44 -46 
-2 25 42 -14 -31 23 48 4 -1 29 -45 -8 -41 -43 -13 37 26 5 7 -1 48 -21 16 -3 17 27 19 16 -15 32 -22 27 20 -33 -24 13 -36 -27 6 -21 -28 28 17 0 30 -4 24 11 23 -11 -32 -27 22 -32 -44 41 18 -6 49 -30 1 31 -42 35 32 35 -21 -17 1 -26 8 -6 -33 -31 -36 -8 23 -31 26 -21 -8 10 -14 36 -49 -35 -18 -43 5 36 24 -48 -18 -33 21 24 -6 5 -2 28 -35 41 31 0 -50 26 12 30 -12 13 -10 19 32 33 41 2 29 -48 -35 8 -25 23 25 39 0 -14 -2 -31 27 -41 25 30 14 29 45 -49 -16 -17 6 -8 -19 47 -37 5 -1 -37 11 -5 -34 11 
-5 -33 40 -36 -46 23 -2 15 -7 -45 46 -35 4 -43 -37 -5 3 -23 42 18 -36 -18 -35 33 -29 30 -42 11 -33 1 -21 -8 7 6 -7 5 -9 2 -14 -27 -38 -43 3 41 30 -43 2 -34 -19 -34 -20 -8 -5 -16 19 -40 -7 -41 16 10 -32 22 48 47 -1 -22 -44 -31 -17 33 -44 -14 14 -38 -47 21 -42 50 -34 -19 -8 6 -28 46 -26 -22 5 -25 -13 -45 -43 -16 48 -47 -3 -31 -18 -31 -33 -33 -15 -15 -50 -47 4 23 -29 -20 -37 -41 38 41 41 18 -23 -5 43 -25 16 50 22 32 4 3 -43 -13 18 16 -4 40 48 3 42 1 23 -25 -29 30 45 -25 -24 4 -41 4 -35 -26 4 25 -40 -3 
34 -24 40 -44 -21 -35 34 -14 -36 -8 -35 30 -27 -6 32 -4 -43 27 12 23 47 -33 -48 30 20 36 27 36 36 28 -27 -42 -28 20 -11 -50 -11 -12 28 -18 -3 46 37 32 7 44 -34 22 33 -50 -12 23 8 -36 30 18 41 -7 46 -46 25 43 -36 14 -50 -45 -43 -36 -42 18 -14 -8 -14 -3 -12 28 -18 -46 -21 -19 30 -45 11 6 10 -34 33 -28 -33 17 -26 -27 2 5 -1 -1 5 -27 3 36 15 0 -26 21 21 12 27 -43 -2 -23 42 -4 50 -8 -28 -14 17 40 -48 48 39 8 24 26 17 -28 -12 -11 -15 41 -30 14 -42 -12 -30 9 -25 -11 -28 21 14 -19 -28 7 -45 5 46 14 -19 -43 
-13 -26 47 -2 34 -41 34 -19 -7 -41 4 -27 25 8 -9 -39 -1 4 -17 -4 6 -34 35 38 22 -42 15 -48 2 16 30 -43 -24 -7 4 -31 -30 -8 -35 -48 41 -23 -44 47 23 -12 25 -21 -11 13 -45 37 1 -25 38 -29 -22 13 36 -35 -13 5 16 10 -12 10 -17 14 -45 -19 25 -27 -27 6 17 -7 14 -1 -14 14 -14 -41 4 43 -39 25 10 -33 34 16 33 -46 -45 -23 -43 31 -30 -10 -37 -10 1 -4 22 27 -29 42 -21 5 41 -1 17 -37 18 32 -33 6 -24 37 1 -27 -2 -14 -17 48 22 21 24 38 44 -50 -40 -38 38 -35 -14 -6 22 6 -11 -48 19 47 19 24 3 -39 42 41 8 31 
45 34 -45 -20 -35 0 -43 -44 -5 -43 -43 -6 8 -13 -23 38 29 -46 -11 -14 31 -8 -21 -10 -15 6 29 19 -21 43 -33 -31 27 -39 50 -14 5 -17 16 -4 -46 27 50 14 16 -44 9 -42 43 -41 -18 41 9 26 11 8 -11 49 -48 15 9 -14 -33 44 -1 -35 43 -4 -30 49 20 48 -32 30 13 23 -6 47 -19 21 -25 -47 -28 50 21 32 46 -18 29 -21 -50 -22 43 28 20 50 -6 -11 50 -5 22 24 3 -44 -2 3 22 42 11 -5 47 17 -27 32 32 -43 48 -45 16 -41 -4 -37 37 -3 23 3 29 -8 -34 -6 -1 -50 -14 26 23 0 -24 -45 47 -1 -48 -4 -50 -20 -23 43 -22 -45 21 14 
-35 30 -28 -2 -47 -34 30 20 -46 -13 -37 32 -9 -23 20 -28 -42 24 16 50 24 41 -11 -24 18 14 -36 -45 26 43 7 25 13 -21 23 -8 26 -2 47 -6 15 -49 18 -13 -1 37 47 -31 49 30 49 33 -26 -47 -31 -36 -48 49 -26 46 -41 5 21 -47 -28 -29 19 42 47 26 -9 42 -19 -9 -47 -18 18 48 -7 47 -3 -17 -32 7 7 6 -19 6 15 44 -36 -5 6 35 -42 20 -35 -38 -5 -44 -9 -28 -41 39 5 -3 21 -33 5 17 43 9 -32 -12 -38 -48 10 -33 -23 46 41 21 -21 -27 18 -20 41 13 -45 3 41 -49 -4 -39 -25 22 -18 27 44 26 -36 13 26 -8 -40 11 25 2 8 13 
11 -8 -26 -44 49 -2 13 36 33 37 -5 -4 -39 38 -28 41 8 25 10 5 -12 -8 48 15 7 -47 12 -16 0 44 -30 -2 5 -13 46 29 7 42 23 -37 17 -10 50 33 -36 8 -10 -23 13 50 35 -19 -27 47 40 32 25 26 -26 33 -3 27 -24 17 9 16 -29 -14 37 -15 -7 -11 -32 -50 11 -39 44 -13 -32 -17 -44 -33 -39 -46 -32 -4 46 18 -19 -25 -48 37 48 6 0 5 25 -33 41 40 -17 -50 4 23 -11 -1 1 2 47 39 50 -13 11 -38 15 -23 -28 28 9 12 42 10 -12 26 46 38 21 -18 13 -37 36 -28 29 -34 -22 0 -22 26 40 -49 8 31 -45 12 -28 35 -31 10 -33 -1 
-45 -9 -2 -8 40 29 -25 37 7 26 3 -43 -1 29 -42 8 4 23 20 12 -40 3 49 -32 -36 -21 9 -35 6 8 41 46 -26 40 -39 -11 48 39 -49 27 34 46 -14 6 -40 29 -9 -19 21 -10 5 -12 -3 -40 21 39 -28 17 -29 49 29 -22 20 18 -5 9 27 -31 -35 -41 -19 -5 25 11 -22 -1 -17 -7 43 -21 32 4 42 -32 28 -42 -43 -15 -14 33 32 -9 50 -37 25 -14 -18 -7 14 42 -13 -33 -29 -43 1 -30 31 -45 -26 -8 -27 -37 -9 8 34 38 -19 29 -41 31 -48 -19 -37 16 34 20 -27 -17 36 44 0 -43 21 -31 25 16 2 -34 28 24 17 33 -5 3 -48 23 -32 23 -12 -19 
37 4 -41 -40 -50 -29 7 -1 -11 5 -23 27 4 -46 24 25 23 44 -21 3 0 15 -22 -9 17 -45 22 -40 -40 50 39 14 12 -2 -37 37 -31 13 7 -4 -30 -5 44 7 1 -24 -27 19 42 -44 27 16 3 15 -38 -47 7 -35 -24 6 -31 10 -39 -21 -19 -23 -44 -39 25 11 -31 -13 -6 -14 -20 -38 18 -6 15 -12 -42 17 48 23 -6 -44 15 33 -13 23 35 33 50 -36 16 47 35 27 -42 30 -25 -6 32 -12 -37 -21 -35 -50 -10 -47 46 6 -31 -28 15 35 42 -35 33 20 28 37 3 -18 -38 -50 -27 46 25 25 48 -16 -35 -14 4 29 21 -30 20 -37 -35 34 18 -31 -7 -27 38 -14 -24 30 
8 5 49 -37 -38 23 4 -50 50 7 42 12 -17 -11 16 10 20 -21 -11 -5 33 34 23 -6 28 41 14 -18 3 9 -23 -13 11 -21 29 -41 31 -24 -48 -47 -43 8 -13 -44 -25 -47 -4 -22 -22 -35 31 -43 -6 39 -9 10 10 37 1 2 -32 -4 -23 -7 -41 12 33 -9 24 23 34 29 -25 -30 42 -13 6 -34 26 -6 -48 -19 -21 -31 44 18 50 8 27 -8 -37 2 13 -47 8 46 -28 -33 47 1 14 -44 -28 8 23 0 -33 44 -15 -15 0 14 1 46 -21 -16 -50 9 -29 -30 8 26 -14 -13 -19 -32 -39 22 45 12 32 -2 7 -19 25 -33 -30 28 -10 -2 0 11 15 12 -26 22 -31 42 -41 37 
41 39 -12 -6 -9 22 -42 -1 3 -1 18 23 -4 -14 50 5 12 3 -5 -21 -40 3 18 -41 17 32 -47 -8 -7 -11 40 -13 20 45 3 49 -41 2 -16 -7 11 -29 -35 23 35 9 -47 -43 -48 3 -13 -9 -41 30 -36 -2 0 -5 14 -29 19 16 21 33 -7 -8 -34 -25 2 47 -49 -49 -43 -38 5 -26 -48 1 -12 -29 -43 -19 6 -9 44 -5 -35 -46 -40 -14 -12 36 0 -12 29 -21 9 34 20 37 -35 13 -18 14 7 -50 -18 11 7 -20 -49 -42 -11 -9 23 -18 -41 -1 -42 -38 10 31 40 -12 47 8 14 -25 -32 -13 20 12 -25 -41 7 49 -15 41 -14 -2 -46 44 -10 49 32 10 44 -33 29 -12 
17 -35 24 1 -33 11 47 12 1 48 -36 47 6 31 24 -12 -40 0 33 -40 36 5 -36 -30 -26 -12 1 44 31 40 -40 11 -13 9 25 -38 -16 48 14 -14 -15 32 -29 -44 -43 -32 -18 43 -46 -21 26 12 8 -47 32 50 -9 -9 46 -43 -42 26 13 -34 10 -6 -14 20 13 -4 -44 35 -46 -26 32 -5 22 -24 20 -22 -1 45 -17 -45 26 -21 12 -4 -19 -8 -16 17 -29 29 20 42 -36 -16 -49 -31 38 23 13 -12 -24 28 47 -44 -26 30 -10 27 34 27 -23 5 12 20 13 -32 15 18 -19 -14 14 -45 -16 48 5 19 -32 41 -5 -29 -40 -21 28 27 2 11 -37 -15 49 -32 32 21 34 -28 -24 43 
29 -42 29 37 13 35 7 -15 -38 -21 -18 -33 -34 -8 41 -8 3 15 34 3 5 23 -28 -49 -17 -21 21 48 -4 -14 -2 12 -43 16 1 -44 -44 7 -12 4 16 -9 -15 22 -35 -33 -17 26 37 2 -29 32 -6 26 50 -48 11 -40 -22 17 -7 34 21 -34 27 27 -8 -39 -48 -13 -32 32 -12 -44 26 24 -21 42 -24 15 45 -10 -41 -14 32 -11 30 -22 -29 3 -30 -28 15 44 40 4 5 -14 -40 37 -39 -45 33 43 9 -47 36 -39 -33 43 9 -38 41 27 22 -7 -43 44 -1 19 40 19 46 -16 49 8 20 -4 -46 28 -35 -13 39 -7 24 17 -24 1 32 49 9 -11 -44 -27 -17 -39 -19 -1 -21 19 
12 38 18 -35 21 -26 -34 -21 20 16 -35 -48 35 -21 -11 48 49 -22 23 18 -36 -28 -38 20 -8 -18 15 -31 -37 -33 42 -19 -49 46 -10 -3 -34 2 -29 3 -20 -32 34 39 -22 48 -49 -26 8 -20 -8 49 -39 11 -3 -46 -12 -38 -22 8 -1 24 50 28 36 -47 -34 35 48 -20 42 46 -28 -18 -25 46 -18 5 34 26 -28 -7 9 -39 22 1 -33 8 43 5 -42 34 30 32 43 0 -3 28 31 11 -44 19 27 -39 -34 39 -47 -6 -29 -40 12 43 -37 4 -31 -25 -25 15 11 28 12 3 12 -43 -7 5 -41 5 -21 -30 -40 -45 -42 -40 -15 -6 12 10 30 48 -27 36 11 1 -3 -5 -50 45 -2 -20 
-13 -50 -25 16 21 -41 18 -24 -26 -3 33 30 38 -10 -24 15 -32 -9 -6 -41 -30 -49 20 -46 -22 19 16 -42 46 17 50 42 31 -47 -6 45 48 38 4 -19 22 41 -15 10 0 -49 -26 21 -32 23 -30 -32 -26 27 -39 -22 33 -31 15 27 31 23 49 -2 -50 36 30 -44 -4 -14 25 9 20 -13 44 -30 4 -7 18 -35 40 -36 -7 -43 -34 1 -43 -14 -48 2 -42 -33 -39 -1 -10 27 23 -41 46 31 -6 8 -22 -39 0 -50 35 1 8 40 -43 50 -32 -40 33 43 46 -8 6 -10 -47 48 -41 -4 -47 26 -38 48 21 3 10 -47 22 -37 -35 -4 -11 -19 -20 -16 43 13 39 -47 19 24 7 -39 -26 12 
-26 -24 29 22 45 -32 -24 24 -4 17 -29 20 22 -15 18 7 -36 17 28 17 -26 -17 -8 -22 -5 -11 12 45 -45 -18 -44 -15 -13 -43 44 -12 20 39 38 4 39 22 -31 25 -46 -26 32 25 -48 48 32 45 -30 19 12 -27 -17 50 12 36 16 -1 10 14 22 -32 9 39 46 -6 5 -14 29 -8 18 38 -38 22 -14 -41 -30 9 -4 44 18 18 -31 28 -24 -33 -2 6 -11 -44 -30 30 -37 29 50 -25 -27 32 -18 -26 -36 18 -35 27 15 -24 -13 20 -16 -48 -1 -29 0 26 20 50 -33 30 47 -7 16 6 30 -18 33 -50 -1 17 9 37 -15 5 17 -50 19 -40 18 1 -10 -47 7 8 23 49 26 41 
14 -17 50 -21 -32 -13 -50 1 14 27 30 36 -42 6 14 -47 -21 -45 41 32 -12 -21 -18 19 -11 -46 21 8 49 -41 -21 13 13 30 19 -44 41 35 -2 -11 34 10 -14 -13 -19 27 20 -4 -45 36 34 1 2 24 38 10 29 -33 45 -17 -15 16 -40 -4 -41 -11 7 47 26 19 46 -2 -49 26 -27 28 -29 0 32 -27 32 -17 -31 -24 20 -45 43 6 -26 -25 -32 46 -2 0 -47 48 -9 -44 -9 2 49 41 -15 43 -24 -21 45 34 24 -41 -41 -45 32 -14 -13 35 -1 -27 -27 32 -4 17 27 9 8 23 -24 20 -42 -15 7 42 16 -27 45 18 -25 -48 25 4 2 -45 -15 26 -29 -28 -18 31 35 23 
-8 -49 -49 -49 -15 48 43 -16 -31 19 -42 27 15 29 -36 12 9 22 14 -47 1 21 15 16 12 21 24 -21 43 -9 -2 11 -1 8 28 -23 -17 10 -13 17 -17 -6 -15 37 7 -36 -43 6 13 28 -3 -4 14 5 39 2 25 -16 18 31 -6 -29 -38 37 21 -34 0 16 -47 -12 10 -46 -23 -9 12 -39 -22 31 6 -4 13 -9 -10 -13 38 -24 -13 11 -29 -32 14 -35 36 -42 40 -31 -41 41 -5 35 11 27 -44 17 -29 -14 25 22 40 -17 50 42 -18 17 -19 26 -32 39 16 -25 -50 -13 -36 -48 38 38 15 41 -14 -17 20 -44 -31 2 -19 -13 -17 -35 -22 -14 -37 48 4 11 -5 -45 -7 29 -24 -10 
24 9 43 -22 36 6 43 1 16 16 11 36 -48 19 -45 -16 -35 -40 -18 -8 44 48 -31 -42 45 8 -21 -12 0 33 -39 49 14 -40 35 -21 -23 -5 19 -33 3 -50 15 -31 -42 34 -35 -1 -43 20 -3 15 -11 -41 -2 -10 -46 -49 -49 44 -4 46 11 -10 3 -16 -35 -25 -31 40 8 -19 -35 34 -32 50 -41 -7 44 -33 -5 -9 -21 -42 -26 -35 -1 10 -18 -4 3 26 -36 43 44 -26 19 50 33 -13 28 36 0 -11 -35 31 -1 29 23 -45 -9 -14 -23 7 -20 42 20 -43 -13 -21 32 45 45 12 -15 -7 -34 6 19 1 39 -36 49 0 -49 7 22 35 -17 29 -8 -12 41 -1 26 26 -16 50 49 3 
-25 50 10 8 35 12 -21 -24 -25 -15 -33 36 2 -21 26 0 6 -40 3 -7 31 -4 -37 46 -45 49 43 0 16 -45 18 -14 -36 14 -37 -4 49 -12 -24 -2 12 43 20 -14 42 -11 -26 6 11 13 9 -37 47 -40 41 20 -47 20 33 -9 -35 -15 -34 -15 -4 -23 -31 -13 17 11 -22 19 -38 21 10 -11 12 47 40 34 39 30 23 47 -33 31 -42 -21 15 47 -28 -37 -23 24 2 -22 29 22 -16 -41 45 41 15 -50 -34 3 -45 47 31 -3 4 5 -19 -31 -32 -42 -38 -6 -49 47 -27 26 22 -38 -37 -3 12 -22 26 -17 21 3 12 -29 -15 -33 1 37 28 -44 -13 -26 49 -36 17 15 45 -29 -12 48 
-4 -10 -28 -29 -21 50 -28 39 40 32 1 28 16 43 43 44 8 50 9 -11 40 -14 -33 17 -18 -41 -9 33 -45 -5 32 17 -29 -49 -46 -18 8 21 30 -45 -27 -38 -9 -27 -37 8 -50 34 -26 -49 35 -47 29 49 -5 10 49 -38 18 36 31 27 -42 8 15 16 -28 7 46 -20 -37 0 -49 -8 -47 32 -16 -28 46 17 7 38 -24 32 39 21 23 -39 -37 -47 31 -21 -36 38 14 -46 11 42 10 6 -24 -18 -24 18 -25 43 12 -18 -41 27 16 -27 49 4 -34 -4 27 -9 34 46 23 24 5 -31 -45 -29 17 27 -3 -23 7 31 -30 -35 37 6 35 16 46 -10 3 -1 -34 -47 26 47 -7 -21 -14 11 
2 -11 -29 12 -41 10 -18 -22 35 -22 -21 -27 30 -33 7 -30 41 39 -23 40 -40 -2 42 50 -44 -21 -2 -39 18 32 28 -7 17 -11 2 6 -36 -22 19 -50 -2 -48 33 10 -23 -37 -19 -12 29 -40 50 -16 -38 -48 37 -16 48 13 -13 14 -37 43 41 18 24 -25 -15 34 26 10 -25 -22 50 44 -40 -17 -44 -24 44 47 5 -27 38 22 2 35 -27 -41 42 5 -42 30 1 46 -23 15 11 1 17 -49 10 -14 10 11 28 -45 41 7 -18 50 -25 22 -27 28 13 41 -32 -38 31 8 38 37 46 -5 -15 12 21 48 50 35 17 -40 23 38 21 -1 -29 40 28 32 -28 -17 23 14 31 -30 28 -29 -7 38 
-26 -26 -13 -38 -17 7 35 44 -8 27 -8 -42 -43 -31 25 -2 46 14 -13 -13 11 12 -19 42 -15 13 11 49 -14 17 -7 -20 43 14 41 -12 27 40 -11 -13 -4 -36 -17 5 38 33 19 -49 -18 44 -42 -23 -32 20 46 20 29 18 -26 45 -23 9 13 16 18 50 33 -45 23 10 -22 -41 -11 -23 -22 14 -12 45 -25 27 -8 -2 27 27 48 3 13 -16 -26 2 -43 -43 27 -17 2 40 -41 -29 34 45 16 9 37 -23 0 38 19 0 4 7 49 -24 -34 41 34 -37 11 -50 40 -15 30 -33 43 -26 3 5 -12 -49 16 -27 -45 48 10 18 -20 30 -43 -22 -18 -48 49 5 20 9 14 -17 50 -3 -46 -35 
-14 -30 40 -27 -20 19 -2 -6 -45 20 7 -28 -24 27 13 5 -26 12 11 20 -13 -43 -49 31 -13 13 -1 14 -36 -29 17 43 26 44 -22 -6 44 -43 -44 -47 43 -48 -47 -5 -43 -32 43 -31 -32 -42 5 39 24 -32 29 42 -27 7 -19 22 -15 -38 2 -42 39 -44 9 39 4 0 -5 -31 41 -36 -27 -35 -26 29 -28 8 -18 -48 -11 -49 -47 8 -4 30 -20 -36 8 -9 40 15 -17 -38 -41 -19 15 -21 40 14 -16 45 1 -4 40 24 -28 24 18 -48 0 -27 -13 50 -29 -12 19 -40 -45 3 -34 -40 9 1 -7 -21 14 -38 15 11 -17 -28 -27 -14 6 4 -11 22 -20 -23 5 -48 -30 37 47 -23 -21 29 
-12 30 19 -14 -2 22 48 -29 -13 -33 6 20 -7 -39 -21 -13 40 -2 -21 45 9 16 46 -47 -43 30 8 -40 14 -49 -11 14 44 -13 -43 -11 -17 -27 -45 -10 -40 -43 47 -23 -38 23 -49 -2 5 1 -30 -41 -43 27 0 33 4 -20 31 -14 38 -16 13 19 31 -42 45 0 25 44 49 37 26 -9 -5 28 -32 39 28 -19 -23 -22 -30 -14 0 -27 -43 10 36 7 5 -28 43 29 -16 -43 -48 -24 -25 22 46 -25 -45 12 27 18 -10 -30 -46 19 -29 17 -4 -19 -34 -44 -29 14 18 -29 7 21 48 -2 -2 -22 24 -35 -29 -11 -43 6 -4 -20 8 37 30 -17 13 45 -14 -21 28 22 -17 -9 2 -48 12 -42 
-9 -20 -30 46 -49 29 -40 29 -48 -24 -7 -11 4 50 23 46 -39 -37 29 3 25 1 -10 -6 44 19 28 35 -37 -46 2 41 -22 -43 -19 -21 -37 7 -12 15 -20 37 39 -6 18 5 -43 45 -24 -9 -40 -36 29 -41 -25 29 -19 24 -48 -13 16 48 -13 17 -9 -6 3 3 -13 1 -38 -28 -50 17 48 -28 -39 15 18 -41 46 25 -29 16 -29 -35 -5 -33 -24 -15 19 -17 7 8 44 4 -49 -49 24 -1 -6 27 -43 -21 2 28 47 -48 38 -37 28 -20 7 -14 -10 -11 35 -26 -18 28 -33 18 15 9 8 17 -7 34 44 20 42 11 16 -44 -47 -38 9 -32 -31 -21 32 -19 -23 -2 2 22 14 -37 -21 -13 
-20 -47 -8 47 22 34 11 -38 -25 13 5 -50 -31 -14 -8 29 -11 37 -41 49 -38 -44 -3 45 -12 -44 -23 -21 -4 -18 6 -12 -6 -11 -21 3 38 -28 -27 14 -6 -44 -15 -26 -19 -26 29 -44 -25 23 -31 -29 -1 1 -28 48 28 -15 26 40 41 43 33 46 -1 48 -46 -3 10 -11 -17 -20 -46 29 16 -13 17 -35 31 11 8 -38 15 -7 -2 32 41 14 39 28 -27 27 -17 31 0 -28 21 3 35 -47 36 18 -49 41 47 39 21 33 50 48 23 37 -29 43 -9 -19 -15 -2 8 13 28 -48 -4 33 -48 32 -25 -42 -35 6 -4 12 19 26 24 32 28 4 -38 -37 16 46 13 -50 8 50 -46 -39 1 -40 
-46 -15 -30 -17 -33 41 -19 4 -22 -36 -9 -11 -30 5 26 7 48 -31 31 -41 -16 -44 -34 48 20 41 -17 -23 49 8 -36 27 44 -17 -37 38 -9 0 -41 -33 29 -41 -45 -28 10 -26 -13 -43 -43 -38 25 29 50 -27 -31 -14 -46 45 -11 22 6 45 -20 31 -39 -1 24 23 41 -45 19 -32 -19 1 38 -35 -13 -16 6 -24 1 -17 -30 45 -29 -8 -16 20 8 35 -39 26 44 38 -26 45 3 7 -23 -11 -32 -6 -38 -37 -16 -20 -17 -37 48 -38 -45 27 4 -14 22 46 13 17 -49 -43 0 21 -32 38 -27 26 -14 -44 15 -15 -47 32 0 22 -32 -36 45 26 -42 -49 33 -26 -36 5 1 40 47 43 11 33 
-29 -5 -42 -41 39 -37 -33 49 25 -27 2 -12 -8 -17 -2 42 39 13 -24 2 48 7 2 38 39 35 10 -5 -12 21 -22 40 -43 -27 7 -28 0 40 -13 -26 38 -1 4 44 38 -18 -8 30 -45 43 -10 28 -20 -34 17 7 30 19 -9 31 39 -12 11 7 -46 -48 -5 -43 -42 -18 50 -24 -4 -45 18 -32 -42 26 -26 32 21 -18 44 -21 27 -43 28 36 -2 45 -11 38 20 28 10 29 23 -45 -37 21 -16 37 50 22 8 -22 -29 -29 23 -40 41 49 16 27 17 -18 -45 20 -28 30 41 12 -29 -14 14 22 -33 -11 -49 1 35 -44 -24 6 6 -29 -27 -1 -30 31 0 42 -36 -32 18 -50 -30 -40 29 -22 
-35 -31 -7 33 12 -27 4 50 43 6 -14 28 -35 16 47 23 -49 7 -48 -16 14 -12 -29 4 38 -2 -13 19 -24 30 19 -11 -44 -45 -12 -27 -41 -13 -22 -22 49 7 37 0 -7 -41 -47 40 -50 17 36 -34 -35 34 -20 49 -31 25 -38 30 26 31 -16 31 4 -12 -44 -31 10 -34 35 15 -5 -1 34 9 -31 -8 37 0 42 -34 19 40 -40 8 -49 -24 -11 -29 -21 -15 9 9 -5 25 20 27 -28 -33 35 36 21 -8 -4 -25 -13 -43 1 -44 -37 -5 37 20 38 9 -13 -41 -48 -46 21 13 -42 29 27 39 6 2 -33 24 -3 -11 42 28 -21 0 -39 34 12 47 -45 -44 -25 23 -38 44 -10 50 8 50 
20 -48 50 9 11 6 -5 49 -30 -21 -27 -18 -48 -4 -6 -37 27 -4 -47 -7 -14 4 3 -19 4 -11 17 -33 -2 -45 -50 -13 -47 -10 15 14 -33 -26 -22 -37 13 12 37 -21 32 29 -38 -18 8 21 18 -33 39 12 -35 -17 -41 -10 22 -26 -8 -33 39 -13 40 29 -39 27 16 -47 35 9 0 14 9 -25 47 -14 0 -35 29 -29 6 -24 -50 -18 -10 -15 -47 23 -15 11 16 -45 -8 38 38 4 -14 27 -15 37 26 12 -6 18 -50 50 -35 9 -48 12 -28 27 36 -46 15 -39 -12 13 -43 2 25 1 -11 -17 40 -33 27 -21 2 26 -7 -48 26 25 -3 40 40 2 -18 40 46 13 11 -20 16 3 21 32 
40 -29 -21 10 -43 48 36 37 -15 -28 -38 -3 41 -46 15 17 34 -30 -43 11 -15 16 -20 22 39 34 -17 3 12 -27 -2 -4 43 -40 -20 -6 29 38 49 13 -28 12 11 -25 45 6 27 33 -13 -46 44 -6 38 3 -38 43 -14 -10 24 -35 -49 41 44 40 -37 -39 0 28 -26 9 31 26 -49 8 -5 34 -4 12 -17 50 40 -6 -17 -25 -38 -21 2 12 2 -1 -10 26 20 -14 -44 13 23 34 -22 -30 47 -15 45 -42 21 35 -32 -44 5 -50 -36 3 29 48 -15 23 1 21 45 46 -44 -31 38 -44 -10 2 -45 33 -47 -1 35 -21 -18 22 -9 7 26 -9 -17 2 -49 -19 44 5 -29 39 -50 -36 5 19 
5 -44 16 -14 -46 15 -16 -2 28 28 -43 46 -23 27 -49 -10 46 -5 8 -29 32 -9 -32 41 22 10 -6 -50 43 -38 -48 -36 -48 -43 37 -44 -41 -1 7 12 12 0 46 -18 24 3 -37 -19 16 3 -5 6 -26 -14 29 -29 5 35 -43 -30 4 36 -8 -15 11 -37 33 -4 19 12 -6 11 16 -17 45 -18 39 -40 -31 18 10 -13 26 -16 -29 21 -49 27 22 28 -29 23 47 -41 36 -15 12 -32 21 18 43 32 -17 -5 -3 -8 -3 -39 -39 -33 -41 -47 20 29 11 25 -19 15 0 -49 -21 -6 -26 -16 4 46 7 -29 45 -28 14 -9 -22 -43 24 45 -11 -28 0 -14 1 41 14 -37 42 -33 -11 -29 41 34 
-4 -30 18 28 9 0 -46 -9 14 17 3 37 -44 50 18 50 -14 44 -13 -35 -29 -15 34 -15 -31 -14 -15 15 20 -9 33 -17 -47 47 39 -15 -45 4 37 37 11 46 -38 11 -41 -19 -43 35 -32 -23 15 -21 -26 -42 19 34 19 -29 -4 -24 41 -22 -2 23 -49 -16 28 -49 11 -7 -44 -34 12 7 22 41 -11 3 -44 5 -21 16 -25 10 47 8 -39 -29 -31 -7 6 34 42 -24 -45 50 -41 28 34 26 -38 -47 14 -28 -49 -33 -5 29 15 39 -47 37 -47 20 4 30 25 13 13 1 15 17 -33 8 28 -1 47 -14 22 34 1 -27 23 -43 -41 1 -48 -2 -41 2 -27 -36 -26 47 -33 -35 20 -19 47 4 
10 -11 27 37 17 -11 10 -14 17 0 41 32 47 14 -13 33 6 7 -44 23 -44 22 39 10 25 -13 37 -31 -14 -27 10 5 -5 -23 -6 -26 -28 44 0 -21 -25 -18 11 19 -35 -41 -12 21 -2 -4 -43 -48 14 -39 15 -9 13 20 -26 -21 -1 -25 -26 38 48 26 -45 49 23 18 10 1 23 41 34 -30 -46 17 1 -13 19 44 45 40 34 32 44 47 45 -4 -23 28 -11 16 21 -35 43 -31 16 -2 3 -7 29 -26 34 -38 -16 13 -35 7 -47 42 -39 -1 -34 -33 22 -48 -47 22 -34 33 -23 41 17 -48 -34 -32 24 23 30 28 16 44 -12 27 25 -16 15 -37 23 -7 27 44 -13 -39 17 49 18 13 
40 -49 39 36 -11 21 33 -19 -29 30 30 7 23 16 -1 -36 -40 1 -25 35 -43 -35 -22 0 -46 -19 7 -42 42 -37 -23 38 -43 -38 18 -19 10 38 -7 32 45 24 -41 -35 0 2 11 11 43 -44 -42 34 -16 -33 -40 -39 33 -9 -23 40 -14 -17 45 16 49 32 9 -22 41 10 49 -6 -25 -27 -12 -4 -19 35 -21 -18 27 5 -35 -2 41 -14 -29 -39 12 35 -30 -44 -1 -17 -39 4 -47 -32 1 -25 10 30 -2 -47 -44 -25 -47 -11 27 -34 -2 -22 40 -16 -35 -17 26 -13 49 -36 -16 -28 -6 31 38 -22 -10 -46 -22 -4 32 -34 44 32 -1 -15 -31 -10 -40 13 8 44 14 36 9 -8 22 -30 -43 -42 
50 -17 -26 48 34 -9 39 -48 -2 -4 -43 44 -12 -44 37 8 29 -24 -47 9 -32 -33 48 -49 -26 27 -36 34 -11 8 -37 33 -32 23 5 -26 -26 -18 -41 29 6 3 -19 -41 2 -10 35 7 -22 31 30 -40 45 -2 30 22 -34 -20 16 31 -26 -42 -22 11 -12 41 43 -37 46 36 -2 1 -50 24 -5 26 39 -48 39 -22 43 -24 -39 9 3 -20 -43 -49 -16 20 -8 7 22 -37 17 36 -45 40 12 42 -5 6 -12 36 27 42 47 37 -6 22 -17 -36 -25 47 -48 47 4 -27 -37 5 -7 -44 -15 -38 -6 49 -43 -27 27 12 -9 34 -46 -40 -7 -20 -31 43 40 47 -28 2 -44 -12 -3 -4 45 25 1 -2 
17 11 -23 -16 -15 27 -43 -7 -1 24 2 -34 25 9 47 -10 -9 -27 -4 -47 -18 -17 -49 -26 32 20 -43 -35 -26 -50 -19 19 43 -49 -43 29 -13 -8 -47 -38 27 -37 -43 -12 11 35 48 -8 26 -16 -17 32 17 42 -19 8 8 -47 -34 -49 39 -15 -20 -40 -38 -22 -46 -18 19 28 -12 -18 15 29 -25 15 22 -26 -5 8 29 10 -18 -7 -31 26 -33 40 24 46 -27 -47 -6 -12 25 33 23 -11 24 25 -5 -25 36 -22 -21 -23 48 -36 15 8 -26 -42 14 -14 -13 23 40 43 -17 34 32 -9 43 11 13 -30 -47 41 -35 -15 -36 -37 26 -4 -47 -48 27 -47 41 -43 -26 46 40 25 12 44 -2 39 4 -29 
-25 42 42 -50 45 -25 28 -46 -17 11 -34 22 -21 -42 -31 -23 -19 19 -22 -43 43 26 -26 21 25 -4 6 -1 6 34 -12 -49 -31 -2 45 -44 -43 30 40 -18 33 -19 35 21 11 7 -8 -29 -5 -7 -38 12 8 -21 38 -30 43 -34 -4 36 -6 -12 -4 5 -32 -34 24 -4 -3 32 16 36 26 -27 -38 -29 -9 9 9 34 29 48 21 28 15 7 -34 -8 38 50 8 -28 33 -23 18 -18 -25 12 9 -47 15 16 30 29 34 -31 10 35 1 -40 1 22 16 34 34 -14 20 -13 -46 37 -2 -34 -25 -36 -5 39 5 -41 4 -46 4 38 23 -29 -6 -13 -30 23 -38 47 31 -4 -11 7 4 17 -26 13 -30 -14 
26 48 13 38 37 -29 30 -4 38 23 -19 33 -11 43 49 13 21 42 -22 -48 -46 37 8 -32 -48 -45 13 -43 11 -26 29 -18 -32 5 -24 -25 -43 -45 -50 8 -13 16 -32 -2 43 -22 26 -5 -49 -3 -23 30 7 19 -35 -34 -25 16 -43 -19 -21 -32 40 -15 -8 37 -31 30 26 46 -14 -8 29 -49 44 32 40 24 14 -28 -44 18 -46 38 -33 -22 19 -27 -39 -32 9 33 -47 -36 47 2 -19 7 46 -48 19 -33 -9 -2 -7 0 -19 5 1 -10 22 31 -5 38 -18 -45 -8 -35 -5 -11 -43 -44 7 -1 16 -21 11 -26 -31 -9 -36 8 -17 -38 -36 -6 26 -1 -14 -16 28 -6 -5 29 31 -3 7 -2 14 25 
-29 -29 16 -17 -5 30 -30 -44 50 -11 -34 -50 13 -41 30 50 -10 -44 -35 3 -21 2 -20 23 48 36 28 20 13 -49 -40 44 -42 1 -9 23 -38 43 17 21 -46 3 -23 -4 -44 31 -16 -7 -3 2 43 9 33 48 10 38 43 -45 -30 -16 10 26 -15 41 12 0 9 -41 0 41 34 37 -18 46 47 -46 5 -30 1 0 39 -7 39 8 -30 37 -48 13 -26 30 -43 -9 12 36 37 -3 6 -30 22 14 -38 27 -43 -43 45 19 9 27 35 -19 49 22 28 41 -10 -16 47 -15 29 -6 21 39 23 7 2 -46 18 2 48 -30 -33 13 30 -29 -30 -3 -42 17 39 -35 15 -32 -19 16 -34 24 -38 -20 -28 -31 
35 -29 42 12 -7 -26 -19 -36 -42 -32 -20 -12 -45 -18 49 35 5 27 31 -13 26 -29 -8 -30 32 34 -3 -3 9 35 50 -42 5 -30 -40 -31 25 -10 36 18 44 -5 15 -43 -42 30 -17 -38 -23 43 -1 -27 -50 33 -37 40 48 25 17 -3 -16 -22 -2 -11 -6 -17 -9 5 49 12 0 -13 16 -13 -18 -25 34 39 2 -30 24 2 40 16 22 -32 -27 36 13 4 -29 42 10 10 -18 29 19 -47 -26 31 -15 -48 45 -32 -9 -50 -9 48 -41 -2 33 8 11 42 32 -43 26 -43 7 -27 1 31 50 -43 -11 27 31 2 -48 13 17 -43 -18 -16 -8 23 -46 -27 34 -24 -13 -20 25 5 36 43 47 45 6 39 
15 8 3 -26 -2 8 11 47 -12 -27 -8 23 37 41 33 -19 -12 16 -43 -9 12 32 49 -32 45 1 -4 15 -37 -47 -16 -23 39 -41 -36 -29 29 28 -34 -33 -6 6 -21 -48 34 -40 32 12 30 9 -27 -8 -28 36 -38 26 21 0 33 -26 47 4 42 3 -27 -26 -1 -19 -34 -3 -2 19 42 -50 -46 -6 -17 -38 -3 43 13 21 -25 -29 3 6 -24 -25 -19 -49 18 46 26 8 19 -24 33 11 -19 -18 39 3 45 17 23 -40 50 -5 40 25 -16 -5 43 -34 36 -27 15 20 18 -7 -42 33 5 -13 -19 29 -25 -6 -5 39 7 -42 -5 5 33 3 12 42 46 -6 0 -19 -31 1 -21 43 -39 3 -30 -3 
-47 -3 31 4 -45 3 3 18 12 22 -5 8 1 9 -26 -27 -3 3 -6 -41 8 -6 -39 -26 -30 2 14 -11 47 29 -38 -32 24 -43 29 -1 50 -20 -35 39 38 -26 -26 14 -16 45 17 8 7 33 -50 -28 -28 11 -7 -33 24 32 -27 14 -42 -23 31 -22 26 -35 26 1 -34 3 -43 26 10 -23 1 -43 -4 -33 -10 38 -47 27 34 30 6 -10 -38 -43 22 -14 -34 5 -9 -10 -1 29 -45 -38 47 -28 -46 -18 39 -8 14 16 -20 -27 -35 -33 -28 -6 42 -21 4 30 16 26 35 -1 41 46 -48 -47 35 36 -20 -33 -39 43 25 -25 18 4 -21 -44 46 -19 -45 -37 23 -4 20 30 11 25 -41 -41 -10 22 
44 -1 -48 24 -32 -18 -41 -36 11 -32 -16 -36 -25 26 -47 47 -40 15 39 30 -47 26 11 27 19 24 5 -41 -40 49 -48 20 -32 27 -41 1 -27 -34 34 12 3 -14 -42 -39 -33 -2 42 -21 19 48 33 36 11 -29 22 3 -45 24 46 -29 1 2 -4 32 -3 -31 46 36 16 -33 -20 25 37 16 21 29 34 -7 30 -44 3 3 -50 -18 30 -33 -14 39 -13 -48 23 -1 -31 -34 -13 29 13 38 -44 0 31 48 -9 24 38 -40 -40 7 -4 -22 31 -8 46 12 1 8 23 43 -14 9 46 46 13 -9 33 -15 14 -34 42 6 46 -42 26 50 -17 8 -2 48 9 4 27 4 25 -48 -49 -48 -48 23 -25 -37 
49 -32 3 28 10 -15 47 -7 50 -44 19 30 38 11 -31 40 21 -38 -9 -36 32 50 -3 -39 12 38 39 -2 41 -5 37 46 29 0 -25 -28 -31 17 -20 -35 -38 29 19 15 -40 30 -19 38 -35 10 -37 -38 -7 22 31 37 -20 2 36 -3 14 26 27 26 31 47 47 46 0 -24 1 38 16 31 50 14 30 -14 36 -11 42 4 -49 46 24 -35 -47 21 4 -29 -9 43 48 26 -29 -42 37 -22 5 24 46 47 17 12 16 -6 36 -38 -38 16 12 -31 50 5 10 3 -35 -14 -40 42 -35 0 30 -50 -18 -3 -42 -3 27 30 -35 -43 -47 -46 4 35 -29 9 41 38 -26 4 39 -14 38 18 -7 5 -9 -18 
-12 33 -7 -20 21 -50 29 35 38 41 -40 18 -29 8 -36 32 39 -47 10 -2 50 -48 -46 -22 -27 10 2 -10 20 10 -16 20 42 33 29 48 -14 7 49 -17 43 -29 34 -9 -39 22 8 -30 -34 38 40 26 -33 3 37 -17 -1 -28 -5 24 28 45 13 49 39 -43 2 -31 -6 -49 -19 -37 -32 24 -37 -33 -39 -32 -37 20 -39 34 -45 -50 39 10 29 -24 -8 30 0 20 20 36 -23 8 -28 -19 -5 -11 -46 14 -27 -40 45 29 -4 -8 34 -40 -8 18 -39 -35 4 32 -49 -17 -27 -39 0 -39 25 -26 15 0 21 32 12 -14 34 49 -10 -45 -8 21 7 31 12 -22 25 41 -7 -36 18 -15 -8 -50 -30 -36 
31 17 -23 5 13 21 42 -6 27 18 -7 41 -22 -11 -48 25 -28 7 10 0 -9 11 -12 33 -17 29 25 -46 -47 49 48 29 -27 4 -19 28 -46 30 -31 -41 -14 5 19 13 33 -34 8 43 -25 43 48 21 24 -45 -20 -1 -11 -31 -29 13 32 -41 42 -33 47 -46 33 -29 48 -25 11 31 23 -3 22 32 -36 -14 -36 -35 0 24 -18 -37 25 -5 -10 0 -14 -44 -18 19 38 -26 1 -16 -48 -9 32 -42 5 -45 38 25 28 -49 4 -15 -38 -32 33 13 19 16 -46 -7 -4 -33 -38 -1 18 40 37 -18 -37 -22 -7 -22 44 10 -3 -14 8 38 44 -33 -26 1 20 0 21 -42 9 1 -14 -13 8 13 0 27 
28 -30 -23 -6 -49 18 0 -7 -1 -6 -41 -7 13 49 49 26 17 -35 37 -5 -9 -40 -38 -31 50 -33 -16 -49 20 -38 13 18 7 -20 24 -15 45 19 25 -10 -10 35 -29 20 -9 -20 -47 -34 16 -45 25 0 32 24 2 -28 -31 -44 -23 5 -16 -19 42 50 -29 -46 -47 -14 45 8 48 50 -31 18 8 -13 -17 0 -38 26 -23 33 -19 -29 39 0 40 -24 33 4 -13 9 15 -14 35 1 11 6 14 45 -11 -21 -36 -48 -26 47 -36 -46 46 48 -29 5 -19 -18 -50 -35 30 -13 -19 -19 -4 2 -12 -26 41 -37 -25 -23 -48 33 44 -49 13 -1 -15 -15 -40 19 -10 36 26 20 -6 -48 3 6 -35 -1 20 -39 
13 49 -9 -10 -23 -38 -11 -1 16 49 16 46 36 -48 -26 -26 -29 -24 1 14 46 -22 -22 15 12 45 18 -49 33 18 -13 -26 -19 31 -48 26 -11 -9 -38 22 24 -43 -4 -26 -23 16 -34 -4 -43 -30 17 33 -27 46 36 -5 -29 -23 -15 -24 -8 17 31 36 39 -36 -10 3 -20 21 13 -39 14 -19 13 -35 18 8 21 -26 -23 -21 49 -29 -7 -12 14 9 16 -28 -44 43 37 -17 -10 -45 -34 35 -24 -16 42 -4 10 29 -18 -24 21 -8 -11 28 7 -28 -15 -15 -38 20 11 -43 19 -26 -11 -21 -5 12 41 4 -37 -1 29 32 28 27 43 49 26 -40 -45 -10 -38 20 -10 32 32 27 19 49 24 42 -8 26 
27 -18 -36 48 42 -19 22 -47 10 -30 10 -46 -35 15 46 33 49 6 2 -29 -43 17 8 27 36 -17 31 44 -9 36 14 45 22 -14 -13 40 22 31 30 -26 -35 -30 -24 -21 40 31 -49 36 -19 -16 -3 -26 14 -29 -3 24 13 5 -24 43 48 -11 -3 -17 -30 46 -6 2 -24 0 43 -45 18 18 45 41 16 11 23 18 9 -48 -42 -33 21 -29 -11 -14 40 -47 -40 -26 -36 28 1 1 -8 34 40 20 30 -33 -41 4 24 -50 44 38 -48 17 27 -5 17 22 33 13 -43 9 -30 -12 2 -37 -35 9 22 8 -8 38 12 -42 -31 33 16 11 21 47 -22 25 20 26 33 -23 16 -13 0 -19 -18 -23 31 -48 
23 -8 26 43 -41 49 -3 -41 -22 1 -32 25 -13 9 -41 -3 29 -31 -32 19 -42 -7 -1 31 16 -15 -6 -4 -35 31 -37 -23 -15 38 16 41 6 39 26 -8 -49 4 41 -1 -14 -26 39 -6 -21 10 -16 47 -42 1 14 28 32 -16 -8 48 -9 22 -5 4 11 -16 38 26 -1 47 8 -38 -47 41 -48 0 -14 25 -9 20 -44 45 -8 1 -18 -12 -2 -14 35 -21 42 -31 -34 17 6 -14 -17 -24 -2 -7 -37 -40 -47 -49 3 -8 49 -9 -21 -37 16 12 39 4 -42 40 45 -48 36 -40 3 10 -18 38 27 -39 -38 -29 8 45 -22 -42 27 0 31 35 25 15 -11 -13 -20 10 3 45 -26 16 43 0 -48 13 
-44 30 -3 43 45 -22 -39 -48 40 31 22 43 5 -14 5 27 -22 10 -4 16 26 34 24 23 -1 16 -29 46 -15 27 43 9 -38 -16 48 43 45 -12 31 -33 41 36 -22 -25 -17 -42 -15 -12 -32 26 -22 4 -23 2 26 45 -41 -19 17 -11 22 -34 -18 6 37 -9 29 19 0 -9 8 24 1 -5 25 -8 -10 -19 19 -34 -16 -9 -35 14 -23 15 19 -41 21 -17 -8 -23 -34 -23 -13 0 9 -2 25 48 -40 -5 -7 13 32 -45 50 -41 3 -19 17 -30 -16 -32 -22 31 48 -7 -24 15 -33 43 -20 -24 38 33 33 -20 -32 -47 11 26 27 8 27 4 11 -4 29 -13 -40 18 7 -45 13 10 -46 41 24 4 
-50 13 -21 14 23 45 7 21 -4 -42 48 -36 16 -33 21 -24 20 -39 -23 21 13 21 50 49 10 -40 -38 11 -34 -42 41 13 2 13 -13 33 -20 11 -16 39 44 -8 -2 -26 45 -22 -20 -4 40 -15 -2 42 31 -4 27 13 42 42 31 -3 -5 -18 15 -18 34 26 14 -39 -11 19 -23 8 -21 -44 47 32 30 5 -32 -21 -30 -39 -46 -47 37 15 -25 -43 -46 -47 44 31 -49 -9 16 12 -14 35 41 -37 -29 -1 -4 -1 8 27 -19 22 38 16 24 18 45 44 12 26 4 23 48 24 -12 9 34 43 14 -9 29 -49 -28 -23 -25 -45 -33 39 11 48 7 10 -19 -10 -39 16 5 -10 6 -21 38 -43 -41 48 
25 40 28 -3 5 -37 10 -16 8 35 47 14 10 44 -47 17 18 -21 -7 33 -34 -34 28 -2 14 -4 37 -10 -15 8 18 16 -42 19 17 46 31 7 31 -13 40 -15 23 38 16 11 -40 5 -15 41 -11 3 -22 32 26 49 -33 50 36 -17 4 6 -18 28 12 -47 4 27 48 -25 31 32 15 32 -12 35 -22 26 -41 -4 -32 -11 -3 -43 -1 20 35 -16 30 48 -33 -46 -15 -12 -18 9 46 1 -49 12 -16 -34 0 50 -37 -31 24 -45 6 -31 -17 49 29 -48 -29 -7 31 1 -37 19 29 20 13 -22 26 -30 29 -38 19 7 -38 28 -6 -37 33 -35 -10 -45 -8 48 35 35 -37 -9 18 8 -13 -36 37 -31 
29 -48 33 -36 35 16 -20 12 22 32 -1 -50 -12 -1 -28 9 -5 -19 -41 -7 10 27 36 -50 22 -41 21 3 -4 15 24 18 39 31 -9 -1 -39 -46 4 40 -37 11 -49 48 49 -12 -38 -32 -8 12 -6 -27 26 -3 31 39 47 -29 39 -30 11 37 34 12 15 9 -36 40 -17 21 26 15 -7 -3 9 -19 24 -10 33 -37 5 -36 49 -27 -46 -5 29 -35 39 41 -20 17 46 3 12 4 -34 -8 -9 6 13 -18 40 -43 -31 -13 -34 36 -31 -21 18 33 19 -35 2 27 49 9 5 15 13 -30 -19 37 3 -3 5 -9 13 20 -27 37 35 47 5 -14 15 -13 33 -36 -32 -8 -19 1 0 31 -35 -50 8 -15 
7 -3 49 3 10 3 45 -38 39 35 -22 -45 10 -35 -29 16 9 -23 12 -8 -6 27 -47 36 -32 -11 -34 -16 -23 16 -25 50 -44 -42 -6 48 -1 -48 -12 29 -39 -37 -16 26 32 41 -22 -34 37 0 -17 -26 -35 -31 47 -43 -46 -46 -36 46 -16 -9 26 -47 9 47 32 41 35 30 7 47 -27 11 29 -22 -30 20 32 13 -31 12 -26 -34 38 -4 -36 -46 18 -34 35 17 -3 30 38 39 9 35 -34 4 -15 -6 -11 -36 1 22 -8 8 -20 -5 13 19 -5 -42 12 16 19 9 -2 12 -39 0 40 7 36 31 1 -8 32 1 48 17 48 -30 4 -8 18 38 3 33 -48 39 43 -50 9 -45 44 -20 -27 0 
31 -32 -41 -39 41 46 -13 -43 39 -21 -44 -43 -17 43 19 -29 27 -44 33 -34 -14 -8 -34 30 9 7 0 -35 -31 -28 -15 33 9 45 3 -46 24 -5 -44 -39 0 33 28 -45 9 43 -46 24 -31 9 -9 -1 26 46 47 2 33 -47 -10 -6 38 29 14 4 -36 32 35 4 2 -23 12 18 -40 9 -36 36 -40 44 -6 8 -49 -43 8 23 43 -37 44 12 -46 -7 37 -47 -28 48 6 13 -35 -34 15 -3 -44 39 19 -25 -34 -28 39 43 41 -24 16 0 -37 -29 -47 50 1 -20 -45 10 -42 49 31 -15 9 -24 4 22 48 17 24 37 8 -40 40 7 -20 -19 -49 -21 -25 -46 -7 -47 45 -47 -8 20 -33 50 
-8 34 19 26 39 -35 14 -34 -26 -17 -31 -36 14 -4 42 -14 -31 -39 -9 -25 20 -39 35 -44 39 47 16 -25 -13 7 34 -45 39 0 3 -3 23 -43 -31 27 28 -4 -49 49 -22 -37 -18 -4 30 -41 5 -19 1 36 46 -31 -29 -14 3 2 26 19 -39 27 40 41 4 -10 -16 -29 31 6 9 14 46 27 -41 -22 8 -37 16 43 -36 -21 0 -26 31 -8 18 12 46 -42 -34 -44 28 15 -11 44 -20 -25 44 -46 -33 36 -31 -40 10 -13 -9 -11 42 21 -45 -43 4 -4 -47 -16 -36 -22 49 -15 38 -32 -27 44 30 -25 6 -29 32 32 -31 -5 -30 45 4 40 -26 -20 4 -15 -44 38 20 5 21 5 -15 -38 
45 -13 5 7 -27 -30 5 14 2 1 -17 -42 -45 -30 47 37 -35 25 24 2 13 -48 48 -4 46 26 -47 -31 17 46 26 23 4 25 -13 10 41 -42 10 16 -26 19 11 23 41 46 19 -3 26 0 49 -34 -34 16 0 -6 48 45 -20 -24 -1 0 -11 48 -17 35 2 -16 -38 43 33 19 -35 -48 48 -17 -22 -27 -44 40 10 -14 45 6 44 -28 36 -41 8 29 10 -13 17 -12 -27 -26 33 -39 -35 -17 -11 9 -22 13 -46 34 46 -12 -9 -5 19 -4 16 -16 42 -17 8 42 3 -28 -35 -47 33 -13 37 -5 26 50 21 -37 6 22 -34 -4 -31 42 -32 -14 30 -26 -7 24 12 17 -7 -13 -27 15 16 37 
-7 -43 -7 -36 26 43 40 43 -16 -26 33 18 -19 49 26 -15 -41 11 23 47 -4 -13 -20 -14 -6 19 -12 40 11 -20 10 10 0 44 1 -11 -45 -18 -34 -47 9 12 -7 18 10 36 28 32 46 41 12 -3 3 -33 -24 -49 -25 8 21 0 47 -9 19 -25 21 30 -23 -29 43 -39 33 13 -10 -6 -26 23 -33 49 -6 -12 26 -29 -7 -38 -48 40 -5 25 4 41 0 -44 26 21 7 17 26 -16 -12 -48 32 -13 -27 17 -6 44 6 -14 -11 14 -21 -21 -7 -16 40 -4 -50 -32 -12 -38 -25 46 -7 41 -33 43 0 1 -6 -37 -47 11 -40 29 -48 -17 42 8 35 46 38 -7 -38 -45 30 -31 34 6 31 -42 
-18 21 -30 -3 28 -30 40 19 -27 8 -44 -14 25 20 -9 -7 -19 -31 34 -49 -44 -32 42 25 5 46 10 8 -22 -37 -25 -22 -5 49 -38 -17 19 50 35 35 31 -6 -44 10 49 -2 -12 16 -14 34 0 -2 -43 -20 1 -19 11 48 13 43 8 8 -23 31 26 7 12 31 33 33 -48 -31 23 44 23 26 -10 -18 -17 44 40 -27 -13 21 -26 28 12 35 1 -12 -15 -6 -33 -6 18 -47 -40 -41 -40 26 28 48 31 43 38 -25 -2 -18 -31 -48 33 -47 -33 18 -1 47 -5 41 42 -11 -31 12 -7 18 -11 50 12 27 -13 -20 26 3 12 44 -12 22 14 25 28 22 -35 34 38 -22 27 20 -32 -35 29 -8 
-33 -22 0 21 -28 -40 -22 -38 34 -6 -14 -8 -27 48 42 -11 -5 -13 29 -49 35 32 46 9 -14 -2 -46 -19 19 0 -22 -41 -31 37 -28 -20 -32 -24 15 9 26 11 -34 1 -6 1 -18 36 -8 37 -13 19 26 25 38 -37 31 50 -39 -45 -38 24 8 32 15 47 18 6 19 13 -31 -46 -3 -26 14 42 6 8 -11 -23 9 20 10 -12 -7 33 41 -6 -43 45 16 -31 -34 12 -50 4 -42 8 -12 13 -29 14 -18 -48 -38 29 -30 -38 7 -23 -45 7 -29 9 -44 -37 27 -37 -32 -28 -23 35 49 29 -40 35 27 9 1 -37 -35 45 -4 6 -30 -24 -15 -20 -14 -32 41 -4 26 49 47 -18 -43 43 8 -30 
-48 42 -27 -20 -6 -46 -37 39 -32 -33 14 -14 -27 -32 -19 -32 25 -6 -25 -43 -46 -12 -28 20 29 -49 -23 -35 -38 -49 50 -11 41 26 -50 -46 -19 -4 -5 0 -49 16 12 23 -25 -50 15 26 29 -18 16 42 10 37 16 -32 23 -31 14 18 -47 1 -21 15 -7 -27 -40 9 -35 -10 23 -3 0 14 -48 37 46 49 -30 47 17 24 -25 -27 -13 17 22 15 -50 -16 32 19 3 -44 -39 -4 -30 43 45 -29 45 12 26 -10 42 -37 -40 21 46 -24 8 12 22 -15 11 35 11 -47 43 21 -1 19 36 39 47 42 47 -13 8 -25 34 -42 -4 29 50 2 -8 -3 15 -15 29 35 26 48 24 -13 44 29 -6 29 
-43 25 -1 36 46 -42 -30 -14 -38 -31 -38 -3 6 30 -9 -50 11 -14 -30 -38 -26 -44 -18 -13 -8 26 -9 34 21 -8 44 -23 -36 -9 17 29 1 -45 -1 14 8 -17 7 41 -27 24 29 -27 -49 46 -13 -50 -23 16 31 24 -3 18 -19 18 41 -5 -44 32 -3 11 9 14 -48 -6 44 -26 14 44 31 -11 -17 13 0 6 -39 -1 -49 -10 -11 34 -40 49 36 5 17 -33 -45 16 -6 36 -48 -17 22 -8 -38 26 15 -13 -36 50 -50 -30 -36 -26 -25 37 33 49 -26 21 34 -44 -12 -11 10 29 38 -3 -20 -22 -20 -15 41 1 -31 -44 -34 -39 33 42 -6 -32 -40 -36 -38 -16 26 38 42 31 34 -25 -3 -1 
25 22 -48 4 -40 23 -44 -34 -11 -36 -47 -12 17 13 -47 11 -22 -20 42 5 32 26 -25 44 18 -27 12 -32 10 -47 -40 -22 -27 -5 48 16 38 18 34 9 -5 45 22 34 -12 -5 -25 -38 44 47 -18 -46 1 21 50 -37 22 8 13 45 -48 25 47 -12 9 29 -36 46 48 -26 23 14 -48 31 -20 -30 37 -25 28 -32 -47 15 9 -5 -42 -39 -33 -37 38 -42 17 50 -5 -16 -18 24 15 -26 10 0 -32 -33 8 48 -22 -24 -44 -33 -49 28 41 14 -19 48 -30 43 30 31 25 -10 8 -47 22 17 -10 -6 50 -22 31 42 -28 24 -9 -19 -45 -49 -42 -33 46 -9 25 42 25 34 16 49 14 -19 -1 49 
-9 -44 -3 -8 -36 19 32 33 2 -8 21 28 -7 23 -18 -39 -1 -38 -13 -26 -5 24 46 -30 38 28 -39 50 -11 32 -17 14 -35 28 -28 -13 -35 -32 9 -25 34 -18 41 -30 -4 26 15 -29 32 -46 -25 -6 -43 29 14 -33 32 -13 -35 41 0 -8 32 35 -19 -22 36 27 -17 23 26 42 37 -11 -30 41 10 -6 -40 12 42 2 -18 -41 -20 20 -10 -8 39 36 -36 -22 3 -2 7 -31 11 -26 -11 2 19 23 -44 48 -18 -21 -37 -23 3 48 -12 -13 4 -3 -27 15 -43 34 -43 9 41 -42 34 -49 -23 -32 -2 47 32 50 22 49 -3 10 26 -26 -9 -17 -1 35 20 18 -1 40 26 -35 -28 47 30 17 
8 -50 48 -20 -21 40 -10 1 28 23 -42 -18 14 -6 18 44 -17 18 6 -48 22 -21 -18 4 -38 -29 -22 -41 12 -16 -44 -12 -26 -32 -39 17 -13 -42 -31 47 -4 39 -11 -46 -19 39 22 -9 40 5 34 -17 -4 34 30 -39 -36 -17 18 16 -14 -10 30 -22 24 -30 -40 -41 -22 -33 -10 6 46 -17 37 10 -19 -18 33 4 -36 -9 -28 -6 -19 -24 10 -16 -7 -40 -22 -45 -41 -50 40 18 28 40 4 13 -19 43 15 14 22 18 7 5 43 -43 -17 26 -29 33 13 50 -15 10 -15 20 -17 34 -19 -46 8 -31 -38 17 -33 -7 4 5 7 -31 -43 -45 -47 3 33 24 -30 22 -49 44 15 -34 -30 39 -10 -6 
21 -23 -9 16 44 -24 38 34 -48 -31 50 -46 -1 47 48 -13 -7 -6 -34 1 -24 42 5 -7 22 0 31 -7 47 -28 -24 45 29 39 15 -35 -16 26 -8 -14 12 -40 3 17 35 -48 -26 9 24 -30 39 -38 -33 -7 -14 -32 -14 0 8 11 25 -19 5 26 -10 20 44 -22 -27 49 -18 8 49 13 -25 -6 -18 15 -16 34 -35 22 -22 -7 -50 -25 41 -1 -14 -3 -30 48 26 10 -9 48 -38 42 10 -6 -41 40 -8 6 19 21 35 21 -45 -17 -2 10 -6 -22 38 -2 16 10 -29 -48 33 -44 -31 37 -29 -15 16 -27 38 5 43 -45 -43 -49 18 13 -30 34 -32 -41 37 -13 18 -47 8 -2 18 -38 32 21 
13 16 37 -35 -23 29 -1 24 -45 26 -34 -21 -14 -19 -7 -32 43 15 26 -12 20 -24 34 18 -14 32 6 44 40 46 44 -25 -28 28 18 31 6 -26 37 0 -17 -31 -44 1 -21 39 -5 9 14 1 2 -3 -10 30 36 -37 -36 -38 21 23 -9 19 -32 -41 33 32 -6 8 -44 -6 -17 -11 -30 0 28 -40 33 -16 -5 26 27 6 -45 -35 14 -14 33 7 46 47 26 -5 -43 -18 34 -33 -29 -35 14 48 28 44 -8 47 35 -11 38 -8 -18 -29 38 -28 27 7 18 -38 -30 23 12 -50 -21 39 41 23 -33 28 -10 -10 -38 -46 20 -12 39 -14 22 -12 -33 -27 49 -15 11 -40 -47 -17 -18 45 -43 -38 39 0 
-30 -40 -7 -43 -34 -19 38 -22 -25 -21 -19 -19 14 21 47 -17 -21 -12 -6 -29 -22 15 26 -35 -41 -27 -4 -33 34 17 47 27 8 -19 -41 11 -24 32 0 -35 50 18 5 -13 -18 -22 8 34 -28 0 -30 43 38 -44 -11 20 -35 26 -26 18 20 -34 -21 -4 -37 13 8 -37 40 -12 44 -23 47 6 -32 12 4 34 26 -27 10 16 49 33 -49 9 34 7 42 -21 -39 39 -33 3 35 21 -48 36 -35 50 6 -40 23 20 1 45 38 -36 2 -25 -30 -25 -15 -34 47 -34 -11 11 41 -43 46 36 -47 6 -16 11 -18 50 -4 20 14 -39 -45 -13 39 6 -2 28 23 3 -37 -48 -25 -34 46 -48 13 9 23 -21 
29 44 -3 -9 -28 28 -35 9 -6 -8 -8 30 -14 -25 -3 -44 32 -42 -48 -43 -1 45 -28 40 -30 32 13 -5 39 7 5 -8 -18 -23 46 8 1 21 42 29 40 10 -21 19 27 43 29 29 -44 39 24 13 -47 3 42 -39 0 -23 -23 9 -44 -16 -30 -32 5 -31 -49 16 10 26 40 9 17 -39 -47 42 -36 -35 27 10 4 41 -13 43 27 46 33 24 41 -50 38 14 45 -36 9 34 13 -28 -30 41 3 19 -29 -42 -10 25 -43 0 49 48 -11 17 -49 49 -12 35 -35 -8 1 -47 17 29 -40 -17 5 41 8 47 -10 -48 19 2 16 -29 -14 4 -26 -4 11 -32 -13 -28 -1 -44 -22 -42 9 -36 -27 26 
-47 4 -25 3 23 14 -36 -2 13 10 6 -45 -41 -47 -17 -33 4 17 -19 -19 45 -10 -7 -36 9 -17 -9 -9 30 38 -27 -2 -48 -22 25 -38 -17 -18 -34 -29 -6 -13 16 44 5 -24 10 48 18 -7 2 21 27 3 4 34 24 33 -21 -48 45 -9 -39 -11 -36 12 -43 43 -14 -29 -27 20 24 -1 15 2 -9 22 6 16 41 -7 -2 36 22 -42 19 -34 -38 -24 48 -24 42 7 -13 -3 -28 -37 3 -35 -48 -8 -22 -26 -25 50 -40 -40 -20 44 -23 -29 -49 -39 43 14 42 -3 -50 -26 -46 17 2 -25 -10 47 18 37 -5 -50 40 34 12 49 4 -47 -40 -4 11 -12 -19 3 -50 21 -47 19 47 35 50 -37 
23 1 2 16 36 42 37 -1 30 -14 -28 11 4 -28 -32 -39 42 48 -21 6 -17 -41 9 -7 -4 -31 -10 -21 23 -24 38 27 -11 -30 -29 15 -30 44 19 6 -17 26 -25 45 -35 -39 -18 21 -46 39 40 -25 34 -50 -49 -45 -18 -19 49 -42 -8 -35 -46 -3 49 -26 8 -36 45 -7 -13 10 -25 -49 9 -18 -28 -22 -45 49 -13 -2 -28 42 30 37 26 -13 38 29 -37 -35 9 3 49 17 -6 48 -21 -44 44 30 2 45 23 -12 -16 -7 28 47 -42 -33 -44 -43 -43 48 -40 -46 50 -4 45 45 -18 -35 -30 23 26 22 42 33 23 44 -15 -20 -35 3 -22 18 -50 -34 0 -47 37 31 16 29 31 -25 47 -4 
-16 -12 -8 -35 -7 -20 -3 -31 30 36 46 6 43 50 7 -46 -32 23 -31 -9 -45 -14 -39 -43 44 -24 -13 -42 47 32 22 27 -49 -14 16 -7 45 -21 40 -24 -25 -16 10 40 -2 9 -7 28 38 8 16 -29 30 -18 46 -50 -37 -29 -29 -33 1 14 -47 -43 -27 -34 23 -21 6 -38 21 -12 -27 -10 -5 -41 -6 -7 -35 33 43 36 42 44 19 16 -23 -31 -33 20 -47 16 15 0 45 4 10 39 -21 -31 -23 43 -21 11 -49 4 8 -35 32 12 43 48 -16 -22 1 46 41 -37 -34 16 -35 -10 38 -5 25 21 12 -33 -29 49 13 39 -3 -32 -38 -17 -1 9 7 21 30 -4 34 -20 5 -40 18 -36 23 -47 
46 2 21 -23 -39 47 10 32 -14 -49 -26 10 -39 21 7 -32 28 -6 44 44 26 32 22 -34 18 20 38 -26 -33 39 2 48 -47 0 -29 -2 -29 27 -40 -50 -38 -29 47 34 41 3 -31 15 -33 -30 22 3 6 30 24 39 25 39 -7 21 -18 -23 37 -1 -46 38 43 0 44 -48 -26 -7 -13 -11 -42 -20 -19 -50 14 -49 27 22 30 19 27 34 -13 -11 13 41 22 -4 44 2 1 23 -29 7 15 -14 -21 15 20 16 -43 -9 -14 -46 -42 -44 19 -9 -35 38 -31 -32 -30 -1 -32 3 -30 37 49 -38 -42 34 20 38 39 47 34 28 1 -10 -37 4 26 -40 2 -5 24 31 1 -3 27 41 31 28 11 4 
-33 11 30 28 29 18 34 -50 -28 -35 -22 -34 25 32 6 -4 -42 -44 18 -5 -21 -11 1 1 18 -45 -24 -35 31 21 35 3 8 -27 -35 32 -8 -43 8 -18 -21 21 8 32 -14 -20 26 7 -22 37 -32 6 -10 -33 -35 10 -5 0 -12 -29 -12 15 15 20 -5 -4 -37 -26 -28 40 28 33 17 34 -39 20 -24 -25 -14 9 46 -42 37 16 34 -19 30 44 -17 -33 -21 33 -7 3 40 34 -50 -7 -1 -7 -8 4 -23 31 -31 -23 9 20 37 -30 47 -3 9 -6 43 -22 23 -30 11 -29 -10 29 -35 -47 -35 -24 14 -15 0 27 -6 -42 -28 7 -43 26 -33 49 40 -44 32 47 6 -22 -40 -38 -16 -41 -26 49 
34 -21 5 50 -34 0 -7 -2 13 -18 5 33 10 46 -19 46 -43 15 50 -35 12 30 -33 -43 -31 43 -13 -1 -42 23 -27 13 -4 -43 -5 41 -16 28 -49 -10 2 -49 -39 44 -29 -43 -33 -34 19 -48 -27 -24 -38 -14 -47 29 -10 40 14 -11 -2 19 -25 35 29 -36 44 31 36 -5 12 41 22 -40 -33 -10 10 41 33 34 33 19 26 -23 -13 30 -25 -12 -2 16 -18 -38 -12 19 4 -30 -36 40 -16 -26 44 11 -37 -43 9 -26 -19 -49 34 8 -21 35 43 -40 -21 9 -42 -13 -30 13 5 -12 15 41 1 -20 28 -6 -41 17 18 34 0 -33 27 -32 3 -3 25 -12 -50 -28 -15 1 17 23 13 -15 -35 -33 
42 45 -35 36 -30 23 37 48 18 -43 -25 -28 -33 -18 6 18 -15 33 8 -46 -4 -22 8 -14 28 6 11 10 -21 -39 -41 -16 30 10 -33 14 20 36 -24 -15 12 27 -29 47 -39 -49 40 -8 -27 13 36 -25 -43 39 21 -24 0 -24 9 -14 -14 -41 -43 -16 -35 -46 12 -8 -41 25 35 -6 15 49 -37 -8 -16 -1 7 7 24 -34 -13 -31 -11 44 -12 -24 18 30 47 38 32 -28 -5 -24 2 41 38 -41 -4 -29 20 28 -36 -24 -48 18 -12 -7 24 21 -7 -33 -37 2 -41 -4 10 4 -23 47 -10 -39 -28 -27 2 42 21 26 26 -49 -12 48 19 -40 -49 -45 -24 38 -11 -22 -7 -19 7 22 29 -15 18 -34 
-31 5 -36 13 40 -26 41 24 -14 5 -13 -33 34 29 15 -19 -14 -13 27 -40 -19 -29 43 -48 -24 -26 -29 -18 15 -37 42 -26 -20 36 -24 39 8 -2 -11 -47 2 22 -31 45 12 -16 24 38 -39 -26 13 -19 22 -13 4 -8 -14 33 16 40 35 21 -46 30 39 18 -46 18 8 4 1 -43 -50 36 38 39 -7 -14 46 42 41 -38 38 -33 13 -17 -2 18 24 26 26 -1 -24 -41 4 34 -11 8 -25 21 23 -44 31 -28 6 -33 -15 24 35 23 -14 14 46 40 -26 28 -40 -2 -42 -16 34 -29 -42 31 -7 35 -13 -20 45 -50 46 -43 -41 19 20 -37 34 47 12 -5 34 -5 -2 -8 27 -42 11 50 49 -4 
-2 15 -48 -21 33 40 -35 -1 9 36 -45 17 16 -21 44 -25 33 23 -8 -14 -8 3 5 2 -33 -25 -32 -4 47 -47 5 2 -36 7 -15 28 35 45 -29 23 -1 28 -7 -4 35 20 46 50 -32 30 4 -49 -14 -48 -29 30 -44 4 -28 -47 -21 -17 -47 48 41 -34 -7 12 29 41 -12 45 -16 5 -42 36 -40 -3 47 -21 -50 -24 29 20 41 -33 16 30 26 32 37 3 37 38 -6 -37 39 9 -24 -27 20 -23 -37 29 45 11 -43 -26 -15 -41 30 7 14 -43 37 46 37 36 -10 -26 15 32 9 34 -47 18 -37 9 -41 19 36 38 -48 -23 34 -35 2 -15 -5 -2 -26 -39 -1 -32 23 2 -27 -24 27 -6 
11 -18 35 -28 -40 45 1 13 5 24 -43 -26 33 -50 -36 -48 32 35 -37 -12 -16 -30 -42 -42 -2 -32 14 3 -28 31 -42 -43 8 5 19 -27 -39 -11 -21 -15 -10 -29 6 -23 -30 -8 -27 8 9 -43 -29 18 -34 23 -9 0 -18 -13 -44 -40 42 -8 44 -33 -20 35 37 46 10 0 -15 16 32 17 17 -36 -22 -30 26 -39 38 48 -37 -47 22 -21 -18 47 26 37 -40 43 18 -49 9 20 32 -9 -35 30 0 -10 -38 17 23 38 -43 -49 -39 -23 28 -41 41 40 -27 27 -15 28 3 11 -39 -22 27 -16 -39 15 36 48 4 32 1 -7 49 30 -1 18 3 -40 -33 -19 -16 49 -21 -16 -11 10 11 -15 18 5 
-20 38 43 -37 28 -2 -22 13 -32 -48 -16 -27 -46 -22 -5 37 -9 33 2 36 17 -28 34 -33 6 46 -35 26 -37 -21 30 -43 -9 -28 -17 27 26 38 -15 11 26 23 34 28 -44 7 -47 -28 33 -9 42 46 5 -1 43 20 19 9 43 -26 -31 -23 31 -46 17 17 -47 -42 -13 -44 -6 -31 19 -33 50 -22 -45 48 -5 39 14 -24 -35 16 -4 33 -38 38 -1 3 43 45 16 16 -22 -28 -25 9 37 -4 -4 -39 -39 -14 -35 43 -22 29 -49 -35 48 47 -5 -49 39 -36 -19 -43 -22 -6 -37 -49 -42 -33 17 -31 -9 -32 19 49 41 -20 -32 -5 -10 4 21 26 -8 -10 50 45 -17 23 -14 25 37 -44 41 -12 
50 -7 3 -5 -29 -5 40 40 33 -18 48 2 -45 43 6 48 50 50 13 0 -29 15 30 -39 -11 -2 36 -36 -23 -36 1 27 40 43 7 -17 44 20 9 16 20 47 42 -11 -1 22 -6 33 -47 12 10 26 -9 -31 48 20 38 15 37 -36 -34 -34 -49 -15 46 -3 -28 -34 17 26 -33 -34 3 -45 -5 3 -41 26 -43 -33 45 42 9 15 44 -7 -12 32 -24 37 18 16 26 43 30 -20 -7 24 12 -6 -8 -25 43 -44 8 -45 -22 0 18 -34 -33 50 -46 42 -36 -40 -19 -25 -19 -21 25 45 -47 -14 -22 44 -15 -30 10 3 50 15 15 29 36 -41 25 -9 21 -20 -3 36 -1 3 -25 21 30 -48 11 -44 
-17 -46 -35 21 -47 49 38 33 37 -33 -47 5 -23 28 35 6 -37 -36 -47 -12 29 44 32 -1 -44 0 -42 43 24 38 46 -17 15 29 8 31 38 28 9 -45 -14 -41 -24 16 -17 -37 -12 -23 -36 36 10 8 -10 -34 26 36 -26 -14 -17 28 17 -23 -9 -12 3 30 48 -44 -12 21 -6 12 -44 16 -16 -2 -50 10 -18 3 -36 7 3 0 2 3 19 -28 -41 38 -49 16 43 -14 8 -13 23 30 -32 -23 -28 48 40 -35 -47 40 -7 -15 -39 4 23 25 0 43 -42 27 36 17 -10 -8 -40 -4 46 -25 9 2 45 10 17 -19 -46 4 3 14 -4 -6 14 11 14 41 9 -47 -5 -48 0 -47 50 -27 44 -45 
-38 -3 36 -46 -34 42 -42 -41 -33 21 -3 -1 -43 20 -42 0 25 16 8 29 20 40 43 -10 -30 -47 40 44 2 14 -23 2 -17 -16 44 0 -26 10 -5 -8 -44 36 -45 21 -39 17 25 18 47 37 -18 19 -1 -13 -29 -23 1 35 -10 1 6 -13 16 -18 12 38 6 28 -27 7 18 -50 -39 -6 -18 7 40 -9 34 35 9 -13 49 45 1 40 4 -5 4 -6 9 -22 30 8 -45 -50 -24 -25 39 -38 14 21 -42 -28 39 -9 -47 20 19 3 -34 -37 32 23 -2 19 35 11 -32 -17 45 44 -22 36 -29 -17 -6 -34 -26 18 46 5 43 33 17 -13 6 10 38 10 -10 -7 22 2 -12 -1 4 -43 -13 34 
50 -31 42 -26 25 38 6 4 5 24 -31 -1 31 50 20 5 -14 47 46 -21 42 4 0 27 30 48 -31 -26 -22 -46 15 40 -38 -43 4 -28 45 29 25 38 13 -15 50 -35 4 36 33 -18 2 -3 29 -24 29 29 -42 8 -16 1 -45 1 -14 0 12 9 4 39 13 15 -26 17 -47 4 -4 36 24 -31 18 48 -33 21 34 -3 17 4 23 34 -30 -24 34 -37 20 -28 -20 -13 -50 -43 28 -32 27 -41 -47 31 -50 -36 -29 3 23 -22 1 15 -41 31 -49 20 -41 -43 -11 32 -28 13 21 -11 -45 -4 19 -18 41 -8 22 25 -46 36 29 -48 -42 30 24 -30 -21 -41 45 29 -24 45 -45 -23 4 39 13 49 
9 -23 -30 25 -49 -37 38 -29 33 -6 -18 5 -30 -6 -35 25 -18 35 -28 9 -36 5 -3 23 -37 -9 -41 19 29 11 11 -41 -41 -48 -49 21 3 23 20 38 23 12 -41 43 -47 -45 23 -25 -19 6 19 33 -45 13 37 -28 -48 11 -34 -8 -17 9 -14 46 -34 9 -35 -11 33 26 -40 -42 -30 -48 15 11 28 -38 -29 -48 13 -28 -6 10 -29 -50 -36 2 -11 39 32 -25 -7 23 -24 28 -49 -38 13 -17 49 4 -10 -17 23 29 30 1 34 -3 24 -49 23 44 -24 13 20 49 -21 35 33 31 26 9 37 24 31 6 50 -12 37 3 5 -32 -5 19 -42 -28 -9 32 34 -22 -33 -50 20 23 10 -4 -20 24 
28 19 -26 -45 28 -40 14 26 -49 5 -31 -27 -10 -11 -38 -33 -7 27 -33 34 -16 -14 28 -41 29 -44 41 50 22 42 1 -29 -19 -24 -49 3 7 -45 27 4 34 -32 28 -31 -32 40 -11 12 7 -30 -47 11 -38 38 -22 -19 -9 6 35 34 -24 -2 35 1 -8 35 -34 44 -39 -16 -41 8 43 -17 -26 -26 40 42 -35 36 -28 -37 48 39 7 -7 40 41 8 9 -9 9 24 30 -25 -32 -38 -9 -20 -48 -48 -34 -18 2 21 -2 37 15 8 43 30 -30 35 -27 43 -21 0 1 -45 -5 37 -22 16 -9 -21 27 6 -19 43 30 -1 -22 -50 -49 -16 47 -31 31 -4 4 35 -38 -31 -4 27 -12 17 8 47 22 
49 28 -37 36 43 -21 33 2 5 -2 -33 3 -37 50 -5 41 14 -42 47 20 -49 -40 31 46 50 -9 -5 33 -16 10 17 34 15 -25 24 35 -23 -37 -28 -14 -22 21 34 16 1 12 24 9 46 22 -26 -19 47 -44 5 -5 32 14 -24 40 -2 25 41 -49 -9 -34 15 -20 -35 -12 -40 -12 45 22 10 -11 4 10 14 -35 -30 3 -21 -21 15 -1 -16 38 -25 -24 -35 37 12 -32 39 27 13 -20 32 -37 40 31 26 -21 18 37 -32 -37 -28 -19 -17 49 29 43 -44 -4 20 11 -3 18 -41 8 -38 -23 -40 -38 44 -18 -21 48 47 -15 24 -47 -29 48 -35 21 37 24 41 -34 -8 -28 -34 9 -38 23 14 22 
-32 -16 44 29 -42 26 17 -26 -49 28 -33 36 -10 -5 -44 40 42 30 1 37 -31 37 11 31 -25 2 35 -13 -41 6 -49 45 -21 22 -1 -47 -11 21 -33 27 -30 18 26 -2 -25 42 25 -47 -48 14 31 -18 -28 0 24 -11 -42 45 -16 20 -7 48 -37 12 6 4 -3 -25 -17 -48 26 13 -29 -8 0 2 13 -6 48 50 41 -35 -44 -31 -14 -7 -26 -41 21 -27 30 -4 -6 -23 -38 -41 -17 -48 -37 12 -21 10 1 3 -16 -24 11 -44 23 -29 28 -10 -14 -10 34 -29 -11 19 -4 -16 7 -7 8 -32 -50 -36 10 49 1 4 -45 -4 41 -6 5 -34 30 -5 1 -45 -25 -27 -34 26 13 35 11 0 -49 41 
-20 -40 49 -3 -1 26 -44 25 43 -35 -15 15 1 22 -9 -17 -13 -25 14 -35 38 -39 -44 -6 -27 49 11 28 45 -24 10 16 40 46 -6 36 -32 -16 35 -15 47 43 -38 3 10 -5 -5 15 19 -38 -15 39 -46 31 46 -46 5 -11 42 30 -37 -40 -29 -16 13 -15 -44 44 -11 32 28 -29 45 -38 -32 19 -19 -41 28 6 3 -48 44 -23 -21 -8 44 -4 23 20 0 -4 -8 -28 14 -47 49 -48 40 -21 -5 -37 -29 49 26 -9 -49 -49 -36 32 -10 -45 10 -5 -14 44 18 23 28 -38 -28 -47 28 -35 -40 -19 21 -24 17 3 -10 -29 -16 -32 -11 -35 -19 -21 -33 -34 -17 -20 -44 38 -36 33 44 -18 -21 44 
37 -9 -18 19 34 27 39 3 48 41 -15 0 -4 24 -28 -50 -33 -6 -44 13 23 -45 19 8 32 41 27 36 41 -18 -14 9 14 -25 27 18 -6 37 36 37 -15 32 -47 -7 30 6 -25 16 -33 27 -48 3 -18 48 47 14 -45 -21 -4 -33 -40 -5 -1 -34 -18 -6 39 -46 9 -13 48 14 12 26 -33 23 43 40 44 -40 19 -8 30 43 15 4 11 -29 -44 -23 -10 -39 -25 48 21 31 4 -34 31 10 -37 -50 41 -30 -7 26 3 39 8 -41 -17 45 -20 30 40 -46 32 43 40 26 -42 -48 7 35 -30 30 -9 -47 -36 -40 -38 36 -7 20 17 -23 9 -37 -23 -2 -18 42 -41 50 -21 25 39 32 -23 16 
46 30 -19 46 -42 15 13 -2 31 31 -50 -26 22 3 -41 4 -29 32 -28 -18 13 33 27 -22 -18 -15 -44 0 15 -24 10 37 -16 -45 -43 -49 -38 50 21 26 45 -17 14 29 -2 -12 36 30 -9 -43 45 45 39 -9 17 -27 38 -36 10 -41 -47 -7 -4 0 40 -11 19 -33 -22 -27 31 -18 26 15 8 -44 15 -8 -8 23 -29 -22 2 -21 20 -23 -37 20 31 -37 -38 -39 43 40 -42 -50 -10 -18 26 1 -29 41 -49 35 -15 -42 4 33 7 -18 -35 14 37 49 -22 3 -43 -41 40 11 -9 30 -29 49 45 16 -31 26 -18 -20 -16 11 16 -41 22 -39 13 23 -42 20 22 36 -11 -29 6 -49 -41 3 -3 -36 
17 1 -21 27 -8 43 -45 -41 0 0 -47 21 27 -44 39 23 -43 -12 8 14 -12 43 -39 -39 -26 43 17 -11 -50 18 11 -23 45 12 -21 41 -37 22 -8 12 -42 -5 -28 -26 -47 36 -22 29 -2 -43 -32 17 -8 24 12 -40 25 -48 29 4 -49 13 -1 50 -43 -36 -25 36 13 17 43 -48 -10 -13 48 48 14 6 47 20 -42 -26 45 11 16 31 -43 28 -28 29 17 -14 -44 -35 -28 -36 -17 2 -21 3 49 -30 35 19 40 34 5 -40 27 45 -14 -35 -44 8 0 -4 6 44 38 -31 -44 -24 33 -7 -33 -31 21 8 -23 -17 27 0 -35 21 -41 -17 3 -29 -17 49 -36 37 -18 -6 -6 4 -32 -41 -35 28 
-50 -29 49 45 50 17 11 -47 48 -50 4 21 -29 -2 5 -11 1 -37 23 7 -24 9 -34 0 -36 -24 -29 -35 -34 -25 28 0 1 27 2 47 -16 8 -4 -6 21 -3 -49 34 -44 27 -21 34 -7 45 -9 23 14 38 16 45 28 -26 -18 24 3 32 8 -37 -31 1 -34 -31 -46 -6 38 -38 42 -36 -22 -18 22 19 35 1 -10 -25 23 -49 -43 -31 9 -36 6 45 23 -35 8 -47 39 -29 23 21 18 -16 26 -7 -15 40 24 34 -42 -11 -17 -33 12 49 18 -30 -45 27 23 28 -49 -37 39 45 -8 32 -18 1 5 -30 -27 -34 -6 38 -5 28 40 20 -1 -2 -50 -38 -26 9 31 -50 5 -15 35 1 7 -36 
-6 17 49 31 20 28 10 37 -8 26 23 12 42 3 -3 -1 -30 -21 0 -50 28 -47 39 -50 18 -21 -14 31 3 43 -45 38 -4 18 28 39 -20 -22 -25 18 35 -8 -33 -38 -25 42 -23 -31 0 19 -50 -40 16 -40 -6 29 -49 47 -24 -50 -8 -45 27 -31 -13 22 -28 -40 34 44 -25 29 -37 50 -24 -21 18 21 -11 45 25 50 -12 4 -9 -23 -26 -24 -33 11 38 43 -45 40 -9 3 29 -2 37 -24 -9 26 -42 34 34 1 -46 42 -48 -46 37 -45 -22 28 47 11 17 30 -48 7 22 1 -25 -46 35 -44 -40 -11 42 -42 47 37 19 41 -9 13 -18 43 28 16 13 14 -21 13 -29 26 48 8 44 -45 
15 28 14 -15 -21 -27 16 -45 25 12 -29 27 -21 22 21 1 31 -35 -33 -18 47 36 -47 35 -35 45 25 -1 -45 12 41 19 40 -10 47 21 -17 -29 -13 -50 -32 -3 -5 -16 -47 47 48 10 -19 9 -9 50 -20 -40 36 -4 4 -36 21 44 49 50 -19 24 -34 -8 39 10 46 6 -2 -30 -40 -50 -44 -37 7 35 38 38 -43 -40 -16 8 -14 9 -19 -48 -15 -43 -43 -22 -22 -7 -47 23 30 37 -32 11 -49 3 4 5 -42 -46 -41 -8 -44 -50 -44 -48 -21 11 30 18 -2 -41 23 -15 29 18 -32 -37 -25 16 -6 -15 11 2 48 -45 -9 -25 5 -7 -14 44 -41 19 -33 9 -6 8 3 -22 -30 -35 16 -7 
15 24 -1 -32 -27 -32 15 37 -29 30 -20 -43 5 42 -33 2 -45 -50 44 11 -44 -39 -6 1 27 34 22 29 47 -18 7 0 24 -30 -48 33 -37 -29 -43 50 -44 -39 29 13 -11 37 -36 35 5 27 48 -5 -27 7 -38 -8 -15 -46 -8 38 -9 -41 22 -45 36 8 43 -13 -12 -14 -18 -38 21 -30 -33 -23 5 21 -8 -36 0 -40 -7 -35 -46 20 -49 18 24 -26 -49 29 0 -15 20 -22 1 15 -37 -44 -49 39 33 -40 -11 42 -8 46 -6 18 -32 8 43 30 -33 14 47 25 9 -20 -49 -7 -37 1 29 -48 37 -12 -22 21 -11 -48 50 -6 37 -49 -5 -2 43 -24 -44 -14 -2 34 -30 35 -44 -10 -33 28 
-48 19 -22 15 -28 -22 -35 -28 17 -12 -37 -2 41 11 5 47 -26 -10 -15 7 -26 -33 -29 8 15 24 40 23 31 -41 -18 4 -28 -46 38 50 48 23 1 -35 5 -39 15 -35 27 -6 15 1 1 35 -41 40 -35 -4 -38 34 -38 46 -11 -48 -21 3 38 6 -31 -20 41 -9 -9 -11 -31 7 46 -36 -49 3 43 -45 -18 2 49 -20 28 32 -42 37 34 -12 35 -15 -39 -49 18 -39 19 1 34 8 -28 23 -36 8 7 27 -17 -48 -44 -6 8 -38 29 -27 -12 -11 4 -9 0 16 32 -13 -30 27 41 45 44 3 29 -21 0 20 -26 39 27 -38 22 42 27 -11 -43 50 50 24 24 -31 -37 -3 -22 -49 -33 -43 
-4 48 34 -32 -10 -18 -21 -23 4 13 -41 -23 -1 -5 17 39 -8 -47 -15 -20 30 43 -40 40 -24 -41 -17 -45 -3 27 50 7 24 19 -37 48 -38 -40 -44 9 -50 -33 39 7 -34 22 8 -40 -10 -19 -2 25 -33 -22 16 -40 -32 48 28 17 -37 -19 16 -31 -21 -5 -24 -11 -5 14 -48 -23 -24 -26 28 48 -43 -17 -29 -25 48 44 47 12 -44 -30 8 -7 23 -41 -23 -35 -34 4 3 15 -3 43 -19 -29 32 -41 -18 45 -33 -46 -50 18 -38 -1 6 26 -22 1 4 -24 28 25 6 2 26 6 10 -17 -35 -50 34 27 27 18 -28 -9 -2 -29 -49 -1 19 46 33 45 4 -25 48 30 4 18 -44 15 -20 29 
-19 -9 -22 31 -44 -33 -16 -4 30 -10 38 42 17 47 43 50 -27 46 0 -49 -10 9 12 -43 -13 -41 50 -9 4 16 -25 49 18 -29 28 23 -45 41 -37 -48 -36 -41 -47 -47 -2 -17 -26 1 22 49 33 -16 -28 31 12 -8 33 -29 7 27 16 17 24 -17 18 13 16 42 19 -21 33 -45 8 -25 41 -12 -17 -2 38 -30 -11 -23 -42 43 19 47 -21 24 -14 30 28 48 -33 23 -34 -41 24 30 -17 28 -10 -17 -35 -14 12 37 -44 -32 29 6 7 -42 2 -11 24 4 -13 7 -6 15 -44 -50 -45 49 -40 42 -26 16 -32 -15 -50 2 -5 -31 -31 46 1 48 22 37 -46 15 13 39 2 11 36 50 23 23 
30 47 -35 16 -37 -24 49 -31 45 19 41 -4 -37 17 9 -13 -37 6 14 -42 27 -38 43 50 20 -45 42 -14 5 -27 22 -24 -48 17 -20 37 27 49 -5 12 3 -47 37 42 -22 -36 -42 22 31 22 8 -5 -6 -8 -31 18 13 5 -28 -5 12 -30 18 49 33 19 0 21 -4 -21 -47 7 12 37 14 -13 26 10 -28 -25 17 -29 -33 48 -9 -3 35 21 14 7 -41 47 50 25 -37 31 -49 -30 49 -10 -45 45 14 -35 49 -45 -48 8 -27 26 -42 47 37 -13 38 49 44 -8 -46 49 -11 -45 -42 -40 35 -38 12 -35 -30 -17 -6 -12 38 -36 30 39 40 -5 19 -14 -17 -9 -17 -10 -22 23 47 17 -35 41 
-10 -43 0 -42 22 -13 1 40 -17 32 41 50 18 -27 -32 11 -9 -31 1 -11 34 41 -37 -32 -16 32 -18 -23 -19 49 -27 -34 0 -4 7 -29 4 16 37 -28 29 20 -47 -39 40 -25 14 16 -5 28 11 43 42 46 50 -39 19 -19 -15 17 39 -16 45 29 19 -5 -37 -45 16 -7 -33 -29 22 33 -19 4 -29 -6 27 -15 -49 -49 -44 -16 -35 9 43 -7 46 14 41 -5 -46 0 32 -49 23 35 29 -14 10 -20 37 -44 18 -22 -21 43 -12 -22 2 37 -39 3 -42 22 -18 0 12 9 -6 11 -10 -13 -38 18 31 -25 -41 -49 -37 0 -22 37 39 27 21 -35 -15 -36 38 20 -38 2 -30 15 -42 38 49 2 
-37 40 30 -17 5 31 -7 50 9 33 18 -8 32 32 -12 -38 8 -28 46 -9 27 27 4 -40 -48 -14 17 7 -31 4 28 41 -27 -19 -14 43 -14 27 20 27 48 29 20 -1 -16 47 -14 34 38 41 42 -34 -21 12 5 -35 16 -18 -15 22 4 -32 44 -48 -35 -42 -29 -43 -16 -16 18 9 -15 49 48 -3 33 -22 7 -34 49 -39 -43 -22 38 -6 -40 -33 40 -43 40 -49 42 43 23 20 44 -27 43 -10 -5 30 49 8 -30 28 11 30 -11 1 -11 -13 3 -10 28 -43 4 -13 -29 16 10 0 -10 -7 -32 26 18 -43 33 46 34 -21 -2 45 -13 -15 30 -24 4 -48 35 -35 46 23 -17 -47 -40 32 -44 -23 
-3 -47 28 22 43 48 16 -6 16 41 -23 -28 -33 32 -38 15 34 15 -21 23 -23 22 -31 33 -1 -13 -19 -20 -32 -34 13 34 -13 -34 -10 -9 22 17 38 36 -15 11 4 -34 -35 -48 -13 34 -18 -10 32 36 4 1 10 4 -46 -50 -38 33 -42 -22 12 -29 2 12 -47 4 42 40 -1 -44 11 -26 -30 -27 13 38 18 47 -12 43 -43 1 -31 43 -21 -37 -26 37 -27 39 -36 -42 -2 -41 -24 43 -44 34 -14 40 -22 0 -45 47 30 -33 4 4 24 38 -42 28 -25 -30 -13 -12 -29 10 30 21 -49 0 8 -34 47 -27 -8 37 2 -30 -45 -14 20 -6 -28 35 -27 -10 17 22 -44 46 16 -22 -41 -7 3 16 
22 -46 8 -21 -30 33 -43 42 -5 2 -5 -14 6 -43 -48 -23 38 35 -16 -18 5 -7 -25 43 -29 35 26 42 -42 -4 41 -37 50 -44 -11 -19 46 -18 9 -46 23 25 30 -33 -17 47 23 -14 -45 -16 -43 -27 30 8 3 32 -7 -35 20 13 40 31 26 -7 27 16 50 -4 -17 -4 47 -37 35 21 43 15 50 -2 -38 -34 35 14 48 46 -32 -22 9 2 28 46 27 -36 -40 27 19 -43 13 -21 -4 -29 44 -46 3 -4 27 11 18 14 -9 -24 4 49 22 -43 -30 -22 -14 9 13 -16 30 35 -26 38 25 -7 -44 -17 33 -33 30 -9 -29 43 -17 8 -1 -27 43 -25 -50 28 7 -50 -7 -49 18 40 -11 -30 
-5 47 -15 -21 38 -27 9 -8 -4 29 43 17 -24 48 10 -28 -19 42 -50 -41 12 -43 -25 46 0 -1 -32 20 -38 27 -32 11 -29 -29 35 -15 13 -45 -13 15 1 -19 25 22 26 4 40 20 -8 47 26 15 16 23 -35 -49 -4 30 11 -43 45 48 4 31 49 19 1 -47 8 -50 -5 27 11 34 30 -43 -15 16 -30 -11 -35 42 -40 41 -30 23 -42 -41 -40 37 -15 -19 -19 36 35 -11 20 0 20 -11 18 32 -43 6 23 17 -2 47 0 28 -13 44 -18 4 -13 -14 31 18 22 -48 49 48 -10 -23 15 -13 34 49 35 49 14 -6 11 15 5 -8 -41 -20 -4 -1 33 -13 28 19 -50 -49 -44 21 -36 -32 
-3 37 -6 -48 -27 -4 13 -5 -38 -48 -25 40 37 -45 -33 28 29 -35 9 -1 20 44 15 -8 26 -27 39 -43 -6 -9 -38 -50 -12 14 -26 -2 17 20 -41 -39 21 15 13 -48 -13 -27 43 -13 -35 -15 -43 20 26 43 -14 -17 -33 -13 -43 9 -48 -7 23 1 9 9 -20 -16 42 -32 41 -37 -47 -44 31 34 10 10 23 11 -8 -3 -46 -37 -1 -30 -13 -4 -2 36 28 -43 -25 17 11 32 49 1 11 19 23 43 -41 44 28 30 -41 25 16 25 7 -8 0 -13 -12 9 18 9 44 -41 40 -4 11 -4 -16 15 -44 -42 -17 -40 40 15 15 -10 -23 -22 27 -47 39 16 12 6 40 -25 -21 41 -33 35 -39 49 
18 10 -17 -12 -18 0 -15 -48 4 -35 16 -48 1 16 -23 9 -41 33 -29 -42 13 -1 11 6 20 -27 16 -13 -49 34 31 40 19 18 -18 8 -49 -28 -48 -12 45 0 13 -47 49 -37 -17 -46 -5 29 7 18 35 -14 -40 -27 -38 -19 19 -30 36 -24 48 -37 5 -2 -45 -36 3 -12 42 -32 43 -12 25 -43 -15 -29 12 41 1 -50 50 -34 -32 11 -30 10 -42 -10 3 -22 -19 -10 -32 -28 -21 -45 -3 -4 28 40 40 38 -49 -48 23 9 32 6 -6 -46 12 -29 -29 13 22 44 -8 37 -13 17 -47 26 42 -25 10 12 -31 -12 14 -14 45 43 -43 -8 43 44 30 -18 39 18 -50 49 -33 -46 3 -19 45 47 
5 -25 26 11 -32 -26 -37 -36 -47 8 50 48 -27 -41 46 12 31 20 -30 -38 -32 19 28 -10 50 32 -25 -21 47 46 8 -15 -40 -29 28 13 -43 30 -46 13 46 -49 1 22 -36 5 34 37 -11 -6 -27 -7 -1 9 42 -39 -1 -19 -26 -12 -40 15 24 19 15 12 10 -22 -28 -38 -11 -28 21 -11 -10 9 20 -48 -50 -43 -47 -26 -4 16 3 -29 13 4 -16 -26 11 -6 -21 -8 -17 13 35 -5 18 -16 -38 26 11 -31 -37 7 -15 -20 -13 2 15 49 9 16 10 -16 -48 -41 37 -43 -5 -37 -39 10 14 38 14 -17 12 -8 0 13 46 -48 42 36 21 -28 -7 -45 -40 29 34 -39 -19 -26 14 17 -6 -13 
-34 17 11 -46 -35 10 39 24 -18 -25 22 39 -2 -4 41 42 -48 28 8 10 15 40 12 -47 -33 -4 -50 32 -27 23 38 30 -45 7 -33 28 0 41 21 -43 -44 -21 15 -34 -16 -7 32 -2 -43 21 1 -42 41 46 -35 0 18 -4 -11 2 3 -33 -12 29 13 -39 -42 49 -35 -25 -31 -23 -1 10 8 41 -17 33 -21 46 17 -46 45 -35 -30 -10 5 -23 34 15 -39 -37 25 -40 45 21 33 37 -41 7 -28 -42 -9 -44 39 22 29 -49 -30 26 -44 -11 -6 10 30 30 49 40 -13 -5 39 -50 12 46 45 42 38 8 -26 -17 19 -1 4 -4 12 16 -15 15 -30 24 27 40 -21 33 -32 2 11 -43 8 -27 
-49 -17 -43 26 1 49 -9 27 37 23 32 8 -14 -37 21 10 -19 37 26 31 18 19 3 48 30 17 -13 45 26 24 37 -33 3 21 18 -48 21 12 13 2 -31 -6 17 33 -28 -44 -9 -34 -44 39 31 33 46 46 0 -39 40 2 -21 -37 10 43 9 20 -30 0 49 -15 -47 46 12 35 19 29 -47 -42 34 -44 39 36 29 17 45 -10 37 29 -12 47 -29 32 -22 -49 45 -4 44 -11 31 -22 8 -7 -47 -48 30 -24 45 1 18 -7 27 6 -50 -45 11 0 21 35 48 -4 17 -37 -50 50 -48 -45 42 -9 18 -32 -31 -14 25 -8 -7 -43 -47 -33 44 -6 0 20 -35 -38 -28 -39 18 -18 -48 -8 -29 46 
-36 2 -25 32 26 -8 44 21 41 25 4 24 -17 37 -21 -12 -37 3 -14 40 -19 46 12 -41 47 27 -36 45 22 5 46 43 -34 48 15 -4 -32 -29 -42 25 38 -26 -33 -23 -6 -15 43 -25 7 23 50 5 -48 13 30 25 37 -12 -5 -35 -18 -20 34 13 -19 40 31 38 33 -7 -7 49 36 38 22 34 -19 -31 41 -47 -40 2 -18 38 49 -35 15 -10 -42 9 27 -42 -47 46 -22 -45 26 16 -38 8 28 7 -29 33 -8 -25 -32 -37 41 10 -45 -42 -10 -10 -49 -26 -10 11 -47 -39 12 -48 -40 -48 16 -39 1 -41 43 -4 33 -26 46 15 4 -14 2 -45 1 39 24 6 41 -11 44 -15 32 32 15 7 
43 27 -24 -42 5 -34 -37 -37 5 39 3 26 48 -3 -27 26 16 -18 -13 -12 -14 -16 -43 -4 -7 9 -48 12 -38 -31 -5 -26 -40 -2 9 33 38 -14 29 1 -44 -16 8 41 31 -38 11 -36 -1 7 -43 -13 -47 -9 -50 -26 -18 -26 12 9 38 -24 43 -22 37 7 -15 -32 -13 41 18 29 39 -3 17 -49 -46 37 23 6 -17 -25 -35 -5 -38 -47 41 -39 31 34 -16 -33 -14 -25 36 -4 9 -9 -23 -32 -35 35 49 -7 32 -46 -37 1 45 -17 49 -40 -13 -7 0 38 -23 -4 26 10 46 -45 -48 -26 34 -35 -12 1 38 -9 25 2 11 15 42 -50 44 -26 -15 21 27 8 -10 5 27 7 -7 -23 -48 24 
-47 39 47 14 -33 45 42 42 -13 0 -43 17 22 23 18 46 34 -38 -19 47 14 49 -7 -47 16 8 38 -15 -37 -45 -15 3 9 -2 8 -48 -27 14 27 -11 -10 4 28 17 38 -6 13 -5 16 2 -11 -19 35 33 -18 15 -37 41 41 22 27 38 14 26 3 36 9 -27 37 -33 -11 -40 47 -20 -10 -23 8 -29 -33 -16 5 -10 -30 25 -42 -35 1 -28 -7 -47 -39 17 -22 9 -29 19 37 -21 -40 -50 -40 -30 45 -33 -18 35 -25 29 44 -35 -40 35 -38 -32 8 25 15 -16 42 14 45 42 16 34 27 48 -27 22 -36 -13 10 40 -16 16 -8 -1 4 6 33 -26 34 35 29 16 39 8 38 -22 23 -21 
18 -29 -23 -28 17 31 -47 2 41 -14 -13 -28 21 3 -20 38 20 -50 -32 8 -45 8 5 26 6 23 38 -7 -3 -29 12 5 1 -22 17 32 26 22 39 -17 2 46 -1 -48 -22 49 -30 39 -21 -46 27 29 36 -15 -3 0 -22 -37 4 8 -39 33 -9 -30 -3 31 -24 44 -5 43 50 35 42 -22 -6 -32 -31 -15 28 11 41 47 23 21 34 -24 -20 -27 35 18 15 -31 44 2 -17 -18 24 27 -38 -36 -19 30 16 -31 1 -44 16 -48 3 -50 42 -38 18 26 -34 -7 -13 15 -25 38 42 -9 -39 -35 48 -25 42 -47 29 23 26 -18 47 38 -34 32 23 -26 -48 -36 12 -26 -50 -12 40 50 20 7 -5 41 
19 44 -22 7 22 -13 -34 3 21 -2 18 -12 24 29 41 21 -27 -27 -39 14 -16 20 -41 -38 30 -24 15 -34 12 17 21 -12 -7 24 -7 -25 -14 -33 6 40 -45 7 47 -34 -10 -43 -47 5 11 18 31 -25 -20 14 -42 21 -7 -25 -37 -8 -38 33 29 29 5 1 4 30 26 0 12 27 47 -20 50 -2 -38 16 -10 -18 8 18 26 12 20 14 28 2 -13 -37 36 -9 -15 45 -6 41 31 6 44 10 21 -9 -31 21 5 -40 -6 37 29 34 -26 12 31 18 47 -44 34 -44 10 14 38 18 1 -12 -27 42 5 37 -12 10 12 -27 -37 31 -15 24 -32 33 -17 4 -25 -21 7 42 42 31 -30 -15 7 -42 
40 -11 5 29 -15 45 21 -43 -25 -31 16 -11 38 -8 13 -18 -17 46 22 -25 48 -4 5 48 -18 20 41 6 -22 27 48 -49 -21 -35 34 -42 -44 -11 2 -33 33 -29 -14 -32 -46 -27 41 -41 -26 2 2 -6 -33 -34 -3 32 -22 -23 -1 38 -29 -20 -49 -38 -9 -8 22 -25 50 1 27 9 -13 -15 -22 47 17 -27 -10 50 47 37 22 -33 38 -15 -6 42 -20 9 48 -32 -30 10 -34 -8 6 -19 -18 49 -24 -47 26 8 -30 -11 -15 -12 -21 27 16 -35 -25 -43 -27 -17 49 -42 12 -17 8 -32 -41 1 22 -47 37 -27 30 2 -21 -31 14 6 1 0 -12 -15 -38 -19 16 39 30 -15 -50 -9 18 18 42 24 
11 47 26 -6 31 44 -22 0 -12 27 -4 -15 44 -34 -45 13 36 25 45 -32 5 -46 -21 21 33 -42 -14 19 26 -3 50 16 14 -29 44 -35 15 -49 -33 27 -47 45 22 24 -22 27 -35 4 -31 48 -48 -5 -39 42 27 12 44 -48 29 12 8 -32 -28 19 13 32 48 6 21 -6 -13 1 8 41 31 32 -33 38 -38 -4 -10 -5 42 -29 39 0 -41 21 45 -41 4 19 10 17 -26 22 50 43 -21 1 17 -36 -18 -23 -27 42 11 -22 0 27 -32 -30 -41 33 -8 33 35 -17 -31 12 -26 -31 43 38 -36 29 -12 30 -1 10 20 28 -35 -23 28 8 34 -37 0 42 -41 -33 -11 -47 9 46 29 46 -7 -33 
-35 -3 -4 -9 -32 -43 33 6 34 -41 40 41 -50 -6 3 -37 44 25 12 -13 19 28 -30 3 -50 -15 -17 1 -17 -23 35 -27 -38 -11 20 6 -15 1 24 -21 -1 -28 34 23 -4 12 -15 -46 -9 -30 13 39 43 6 30 -14 10 33 32 -42 45 -47 -23 7 20 1 17 -29 -37 -37 -20 -37 -25 1 42 50 -7 5 -46 20 -48 -50 33 49 47 27 17 26 -50 19 32 49 3 -19 18 25 -12 30 48 4 3 -40 -20 -17 -34 -42 2 21 20 18 -15 -17 -49 46 37 -33 49 -40 -12 -8 -17 -14 -4 -9 -13 23 10 2 10 -19 32 -6 -28 -48 -8 1 -18 37 13 20 50 -11 8 -45 -18 6 -6 -19 19 -47 
14 31 41 -3 -26 47 -46 1 46 25 48 -30 -40 -1 41 36 0 48 32 20 -32 -35 -40 10 -1 7 20 39 21 7 17 -45 15 -43 42 -4 -47 35 -3 2 35 14 1 30 32 -9 -36 4 -36 -33 17 7 25 46 -35 34 -3 44 28 -31 -22 11 -25 -38 -27 48 24 32 6 -47 26 -35 34 -31 -28 22 4 43 20 14 19 40 23 13 34 -6 18 26 46 36 1 41 50 -46 46 -46 37 -1 47 -45 -10 -38 -16 27 -6 47 48 -11 -26 -28 -50 -6 -37 34 2 30 14 40 14 0 19 25 33 25 10 26 12 -21 20 32 -43 40 11 -1 0 -20 10 -28 -25 30 50 -18 37 -28 -14 -45 15 37 35 -32 
7 -39 48 4 22 -5 -8 30 -35 30 3 14 -38 -50 -49 -28 -43 -16 -2 12 41 -13 -45 -47 17 42 -44 -36 3 31 -40 48 11 6 11 12 32 -44 -11 26 -21 -9 -27 28 -34 34 -37 38 8 13 -43 -42 -25 -42 -43 49 -14 -49 27 33 -42 26 -45 28 37 17 37 32 22 11 3 45 -42 -44 24 49 5 -45 -12 -39 2 34 44 39 28 -42 34 -49 -43 38 -7 -20 15 4 5 36 3 -22 -15 -4 -29 36 11 0 38 37 -45 -48 39 -9 2 -12 0 -21 -30 -9 -6 15 -14 13 -1 -8 -26 2 40 -18 -27 -31 28 -6 40 -2 31 -17 -32 33 32 -2 -38 -50 16 -25 -8 41 -15 15 15 18 -26 -29 
-29 28 -36 -46 11 50 -25 34 -23 14 42 -42 38 -14 -4 29 21 -35 7 -25 -5 39 -42 22 9 16 -31 49 12 -30 23 10 -17 -4 16 19 0 -24 42 -7 -18 -22 23 16 44 -46 26 23 -17 30 -18 -5 18 26 -47 -10 8 13 43 16 27 27 -33 -6 35 48 8 -31 -34 -40 12 -4 -4 -34 -9 -3 7 -43 39 -45 16 12 -15 -3 1 -28 0 -12 -41 -48 49 -32 15 3 43 29 5 -50 24 41 -16 -7 16 -35 -5 19 -9 50 27 -2 -5 38 -22 -2 -45 -29 11 15 45 46 4 -7 46 11 -16 47 -37 14 -35 -28 11 31 -31 41 1 -17 40 -38 35 48 -46 32 11 50 46 45 -34 -10 -7 -35 
-25 32 -24 5 -40 27 -45 -25 9 29 1 -12 -35 26 -39 -34 -31 -14 -19 -41 -29 -7 -40 -37 37 -27 2 0 -29 -35 38 18 -28 -20 -44 26 22 6 28 -48 22 -43 -43 44 32 -40 -4 -29 -38 -29 -16 5 4 50 -46 -45 38 -1 49 11 0 8 39 -37 47 -30 -40 -5 -4 29 44 6 29 -39 -19 10 -31 -49 -14 -13 -29 49 -20 -32 -10 7 -33 48 19 -23 30 -5 29 14 33 -48 -32 -49 -47 -6 -32 20 -41 21 28 41 -25 -6 -38 -29 -31 -36 37 45 -14 43 15 -10 43 -48 -4 -43 15 15 16 38 31 6 -23 -48 -1 -17 41 38 -37 43 -16 -26 39 39 -11 38 13 32 -3 46 50 -35 46 43 
-2 8 29 1 -11 -49 -25 -44 33 45 23 -30 -14 23 -25 -22 25 4 25 7 -40 24 -15 -35 -15 45 -19 -49 -15 37 21 -20 -27 8 -47 24 -32 6 -21 26 -9 24 -41 -12 -1 -7 -47 -6 -36 -30 -8 33 -21 -17 4 -8 44 -15 26 21 31 27 11 33 5 4 40 -30 -31 -48 -12 -30 50 33 -45 26 -43 18 22 39 -14 4 -35 -38 -37 -43 27 19 20 34 -1 -10 36 -4 17 -42 -5 -16 -29 5 -11 17 22 -41 40 -9 5 37 22 -49 -31 30 39 -13 20 -17 5 -23 -43 42 12 -47 4 42 -8 -34 -15 1 28 -8 0 -32 1 -37 -48 36 -29 -44 3 21 22 -16 -23 -18 -39 -14 -46 36 3 5 
-39 11 -41 46 -28 -43 48 26 -2 -49 -25 9 -6 0 22 0 16 29 -33 49 -21 17 -6 -4 5 18 -13 7 -33 6 -1 30 -14 37 -38 32 -36 -29 0 25 7 45 1 27 -15 -20 -48 -13 -6 -3 23 3 -44 8 35 21 -33 -15 -40 47 35 4 48 -35 -14 -8 7 45 42 -17 22 -24 2 42 -49 -26 -45 13 -12 6 4 -47 3 -17 4 26 -32 -40 -37 -35 18 4 -41 -6 -13 30 19 47 48 -34 -35 -23 -39 -17 20 13 -7 -49 42 -1 46 39 27 -15 -6 8 -8 -22 -8 36 16 -33 -14 -50 -1 32 24 0 8 1 -20 33 -17 43 36 -10 20 -23 22 -6 -24 5 6 -40 50 -3 44 9 48 -42 
19 47 -47 38 -28 13 44 14 8 -16 -29 -25 22 -24 -18 -22 2 21 -30 -15 28 -24 12 -11 17 -25 -17 22 1 35 -29 -43 6 30 9 28 45 -27 -39 -3 26 -11 -48 25 -31 -31 27 -30 26 -42 -46 12 46 -2 -29 7 -26 -40 -45 -22 25 11 7 -10 15 18 -20 4 -32 42 14 -15 -8 -6 -42 -9 -47 -30 -33 -2 -26 -40 -22 -1 26 -33 3 -49 34 2 3 21 25 14 6 24 -42 -31 -35 30 -19 9 13 3 -1 -18 -14 -5 27 19 1 40 21 30 -28 -1 -41 27 43 21 -15 44 2 44 4 23 -32 -12 34 -18 10 32 40 -16 -29 20 -16 -12 -25 -5 -38 -15 4 24 -11 19 -8 -29 12 -27 
19 -49 -16 -38 -46 18 -17 -38 -4 -17 30 -11 6 -45 27 26 -34 -30 28 41 27 1 10 -19 -50 -48 -35 35 37 16 40 -22 4 -17 -32 4 26 -1 34 40 -9 -28 -2 -16 -10 43 -47 23 -1 17 -27 42 -19 48 9 31 1 19 -10 25 15 -4 10 -45 -13 38 -19 40 -14 8 25 -20 -3 -32 -33 -17 3 34 -27 28 -4 -4 18 9 -40 49 -3 -45 47 -15 -40 26 -9 11 10 -30 -28 31 21 -5 -21 -37 23 -29 -2 43 44 -2 -11 46 48 -5 -35 -24 35 -27 -20 -47 44 -28 15 -6 -45 -26 6 -26 33 -15 -37 37 -28 -2 -38 -26 -44 -23 -12 22 -36 31 5 22 -2 49 10 -39 37 23 40 -43 
-32 17 45 -26 -38 -23 -6 -44 17 6 45 -28 -11 47 44 40 28 20 -10 -14 2 32 30 -20 19 25 -22 -17 28 46 28 -18 -11 13 -31 -38 -42 -30 12 40 -17 0 -41 15 -40 40 41 -38 -14 39 34 46 -45 9 41 12 20 -10 -38 20 -11 29 -19 -8 33 3 -49 -26 30 35 28 -14 15 -40 46 -1 33 -32 49 23 11 11 -50 7 2 40 25 -24 12 -5 -33 -8 21 14 38 -21 -9 -4 37 1 -33 -23 -42 -17 -50 28 -41 43 -43 33 22 19 -15 4 -27 43 -4 39 30 -7 -30 0 1 -15 33 -48 -17 -38 0 13 -25 -38 35 39 3 22 -25 -36 -3 -22 -37 7 12 -38 -39 9 4 40 -44 -35 
16 39 -1 -32 17 14 22 -19 -4 -8 -25 21 -48 -1 26 -49 24 -37 -2 -2 11 49 48 -16 -40 4 -14 29 -44 -10 32 -48 22 45 -21 -37 -49 31 47 2 2 -14 2 -37 13 47 -43 47 -16 -35 -24 -6 -37 4 38 -22 0 36 20 26 -13 -13 -10 48 -36 33 -21 -20 -26 46 22 -32 -15 -36 -9 35 24 -41 -15 3 -32 -12 -34 21 -5 -44 -12 38 -5 -2 -19 -10 -20 41 10 -41 32 4 24 -45 -34 -2 20 49 -38 16 19 -24 50 45 37 -14 -36 -48 -10 -25 -1 16 -18 -45 24 20 39 21 -26 -36 4 -19 42 20 30 -50 48 39 21 -6 -5 31 -22 15 0 11 -31 11 26 21 -27 -13 -39 -45 
8 -45 -38 -3 -22 15 -28 17 -5 -19 -24 14 19 -48 -36 8 17 -35 0 -46 -37 9 -27 43 18 2 -37 -8 -13 3 -28 49 -20 -14 32 16 33 0 -45 -18 -49 1 -27 23 8 -28 -26 31 28 15 -13 0 23 27 -26 25 21 26 -10 33 -20 -40 -39 35 -32 -48 -25 4 -7 38 -35 41 29 -38 25 20 -30 37 11 -37 -13 -19 0 30 24 32 -50 -11 34 -26 -16 50 -3 9 -10 45 34 35 41 -25 -17 -18 22 -36 -26 13 -33 -44 50 4 -46 -17 38 35 17 -50 33 12 39 -40 27 -35 24 27 34 12 -25 16 -41 50 50 16 -46 -11 22 -24 -38 5 -37 0 36 -16 -50 23 -16 22 -39 -32 -13 22 
-50 -17 35 5 -31 23 4 4 -32 47 4 -19 47 -4 13 31 33 34 11 44 -15 -11 36 13 1 -45 48 -12 -26 -1 -17 5 -23 -21 -19 46 -26 42 -44 40 -19 41 -36 -7 44 2 46 -4 -6 -32 -20 -19 -4 4 4 41 -42 20 32 -23 10 18 16 35 -8 39 -46 -15 24 -7 34 -4 35 -16 42 18 22 -13 -40 -48 -28 3 -47 -4 31 47 -28 -22 -5 -39 49 45 36 -47 -7 29 -22 -38 -34 -27 -20 42 36 37 9 14 9 -14 24 -25 15 -9 20 -35 22 28 -13 6 18 29 40 -38 6 8 35 -26 -21 39 -33 -11 -18 -25 32 38 -16 5 -15 22 7 11 -16 -17 -10 -3 -30 -40 0 39 46 36 
-26 -22 42 -7 36 -48 31 -16 -36 -37 -41 -28 19 -50 26 -45 -5 18 15 -10 49 -44 11 39 -10 -15 4 41 49 -34 23 20 5 28 -23 13 -36 -36 -25 46 44 14 -26 27 14 -44 40 -11 -5 -19 25 -31 20 25 39 -7 9 -6 32 16 3 7 5 -37 -19 43 -7 -44 12 -38 38 26 26 26 25 -1 -49 18 -47 -25 -1 -50 37 34 1 6 -15 -7 -2 -1 -21 -17 -1 -5 22 -24 -33 -31 -8 -34 -44 -41 -11 -18 31 -21 -6 -2 24 48 13 -17 -38 46 -44 7 28 40 -50 34 -21 -28 41 -10 29 -50 7 30 -11 8 37 -8 11 13 -23 6 4 -2 12 -31 -50 -10 35 -44 -10 -11 23 -12 -20 47 
-11 50 11 -32 -23 47 46 -49 29 5 4 7 24 -20 -8 12 3 -31 12 49 -32 -27 1 -47 -47 26 11 -1 -36 -47 14 9 -48 22 -2 -50 5 -32 23 13 5 -37 47 44 36 -12 25 7 29 16 5 1 30 -48 -14 -36 1 -48 27 -13 45 -45 -10 -9 1 -50 -47 38 17 -45 -22 49 48 38 34 40 44 -47 -17 -34 -44 21 31 -20 -3 -22 1 -19 -8 -32 -16 23 3 -48 2 45 -50 -4 -28 26 38 50 -29 -6 -50 13 8 34 -31 30 39 -10 2 23 46 -50 19 -25 49 -39 33 -39 -11 5 16 -12 42 -15 -47 -45 -28 41 50 32 -18 -40 24 49 -38 11 23 -3 -44 -10 43 -15 37 -2 -19 17 
44 17 18 8 5 -9 -40 -22 48 -1 -35 -45 3 -23 -40 -28 -48 -7 -26 32 32 -17 -3 19 7 -29 -5 26 17 26 31 14 -30 -17 2 8 1 18 -38 11 -29 42 -33 -13 9 -3 12 4 31 -34 36 -21 11 -49 38 18 -14 3 19 0 -26 13 6 18 0 9 45 20 -7 30 27 47 24 42 16 26 15 8 -18 46 -22 -47 16 5 27 -40 17 7 27 23 -11 -14 -25 0 -12 -45 20 27 -34 13 -36 -21 6 -6 5 -29 3 -30 -37 4 2 -22 -30 -17 16 -7 -50 -21 -33 -19 -32 18 44 27 39 40 42 -50 9 -18 -14 -15 46 -3 -39 50 -11 10 -39 26 -16 -30 -10 43 -37 1 -49 17 -19 -47 
41 -23 -9 15 -7 -15 -38 -42 -26 -37 -26 5 -39 43 11 35 23 -27 22 10 21 -39 -5 24 8 -28 -45 26 15 47 -30 -17 37 -9 22 50 40 -50 44 -20 39 -33 -35 -39 -8 -4 44 17 -3 24 43 43 25 -48 18 -15 -13 6 49 -19 16 10 -21 8 31 -45 -47 5 -13 -31 20 -18 -13 31 49 -35 -34 -2 45 -48 -42 19 29 -40 41 -38 23 22 -42 2 10 25 21 -47 -1 -23 23 -12 9 35 33 25 -49 4 -15 26 -22 35 -3 18 11 23 15 -47 -22 -49 -49 41 -46 -26 2 -18 -15 7 8 50 31 -9 46 6 -45 15 45 46 -14 -3 19 -39 9 21 22 -40 -11 -15 1 -1 49 32 -26 0 
-23 -9 -9 -14 -25 6 -3 -7 -43 11 4 46 42 -22 25 -31 -32 38 -31 44 34 -19 -50 7 23 -18 -7 -16 45 -7 28 50 47 2 14 -46 47 -30 -10 16 -50 -11 20 17 22 45 -2 -26 7 -38 47 -39 -41 -48 -7 -8 8 -35 24 -18 43 -46 38 -13 -35 44 -8 21 -27 34 -32 -43 44 34 14 -28 -30 18 -43 13 9 47 31 18 31 -16 13 29 11 -27 11 37 30 50 4 4 10 17 -38 11 44 39 -41 -32 35 48 -30 -44 -22 -44 36 47 -42 -40 -41 18 -44 -33 3 14 11 -48 32 -7 38 20 -30 18 29 -6 15 15 -34 50 -46 44 -8 37 4 -27 -39 0 23 37 -49 49 -20 44 32 -28 
-24 -7 -48 -17 -38 -28 -30 -4 -8 -5 25 14 41 -45 2 10 23 -14 42 -33 -28 -1 45 -39 49 31 29 50 -29 -21 -29 -3 -23 -48 -37 -39 43 -40 50 3 -36 -29 -19 49 -30 25 39 13 -2 -20 45 3 -41 23 5 -50 13 -1 42 -23 0 41 -43 -36 -50 -20 20 5 15 6 -35 43 29 -25 -19 47 39 -38 -38 9 -36 35 -25 -36 28 -41 -15 -15 50 -24 -15 -44 -48 -27 -43 39 -4 8 23 0 -18 32 3 -41 1 8 -35 -10 -49 15 50 17 38 32 -7 40 21 35 -19 17 -43 -8 32 -23 -22 7 -15 18 46 -19 37 18 -10 -35 36 9 -29 23 40 -13 -32 39 -12 -2 17 32 44 -20 47 6 
31 11 -2 30 -38 47 -16 -2 44 -34 -40 -19 8 21 8 -33 -12 -24 -41 29 -24 -21 -2 -26 26 35 -24 49 -12 -14 -7 -46 -21 12 -21 1 11 29 8 21 5 41 47 18 -43 1 4 -30 14 -28 6 -30 -10 -25 -9 -30 0 20 -8 31 -48 24 -41 37 8 -27 -33 -15 16 31 29 8 -6 -3 -1 30 -10 32 39 23 -27 50 47 23 11 -26 -35 18 49 27 18 41 11 44 -13 13 -20 47 14 -49 -21 -23 -3 -35 7 44 16 -33 -33 -20 23 -35 49 -44 3 -11 -36 -39 45 -6 8 -29 15 -48 23 -5 7 42 -7 19 35 -26 -7 46 3 48 12 40 -44 -39 -13 46 -20 -19 -19 -26 32 47 -24 47 
-28 -28 34 31 6 36 -4 28 -46 11 -3 -43 31 14 13 -1 -19 30 37 -12 43 19 -20 12 41 23 -10 3 48 11 38 -35 29 -42 -13 -40 33 -22 50 32 19 34 4 13 -42 -2 -29 -14 25 -31 39 -3 22 -37 -18 -36 27 -39 26 -48 13 4 48 -31 -15 0 50 -38 37 -42 -8 -30 29 -1 49 17 -6 21 0 -21 26 -37 -4 -47 4 49 -33 -34 -4 -6 5 -12 -44 -45 34 49 24 22 22 41 44 16 -36 28 -36 -45 -7 28 -43 29 23 41 2 -23 16 -30 -32 49 47 -13 -27 46 7 24 -21 41 -42 24 -33 -47 -32 -29 -35 43 5 -42 -27 -43 -35 -45 22 36 47 17 -47 0 -28 6 47 0 
